Subject_cm,Timestamp,SampleDate_cm,SampleTime_cm,Configuration_cm,Scenario_cm,DisTime_cm,MarkingTxt_cm,Application_cm,EntId_cm,Site_cm,ExerciseId_cm,ForceId_cm,Category_cm,Country_cm,Domain_cm,Kind_cm,Extra_cm,Specific_cm,Subcategory_cm,AltCategory_cm,AltCountry_cm,AltDomain_cm,AltKind_cm,ECEF_X_cm,ECEF_Y_cm,ECEF_Z_cm,OriPhi_cm,OriPsi_cm,OriTheta_cm,LinVelX_cm,LinVelY_cm,LinVelZ_cm,LinAccX_cm,LinAccY_cm,LinAccZ_cm,AngVelX_cm,AngVelY_cm,AngVelZ_cm,DrAlg_cm,Appearance_cm,Latitude_cm,Longitude_cm,Altitude_cm,Heading_cm,Pitch_cm,Roll_cm,CalibratedAirspeed_cm,CM_Altitude_Lead_cm,CM_Altitude_Wing_cm,CM_Airspeed_cm,Subject_ac,SampleDate_ac,SampleTime_ac,Configuration_ac,Scenario_ac,DisTime_ac,MarkingTxt_ac,Application_ac,EntId_ac,Site_ac,ExerciseId_ac,ForceId_ac,Category_ac,Country_ac,Domain_ac,Kind_ac,Extra_ac,Specific_ac,Subcategory_ac,AltCategory_ac,AltCountry_ac,AltDomain_ac,AltKind_ac,ECEF_X_ac,ECEF_Y_ac,ECEF_Z_ac,OriPhi_ac,OriPsi_ac,OriTheta_ac,LinVelX_ac,LinVelY_ac,LinVelZ_ac,LinAccX_ac,LinAccY_ac,LinAccZ_ac,AngVelX_ac,AngVelY_ac,AngVelZ_ac,DrAlg_ac,Appearance_ac,Latitude_ac,Longitude_ac,Altitude_ac,Heading_ac,Pitch_ac,Roll_ac,CalibratedAirspeed_ac,CM_Altitude_Lead_ac,CM_Altitude_Wing_ac,CM_Airspeed_ac,Bank_Angle_Condition,distance_nm,Distance_Condition,angle_between_vel,angle_between_pos,Cone_Condition,angle_between_pos_nose,Nose_Cone_Condition,Intercept_Criteria
1,1970-07-23 10:27:51.518312394,2025-09-12,2025-09-26 14:25:51.831,AH,C,3136695618,JASSM,3,128,76,2,2,1,225,9,2,0,1,26,0,0,0,0,-188447.9027117056,-4786288.627900924,4202424.452604771,-2.30155,-0.153302,0.128183,92.125,-14.125,-11.875,0.0,0.0,0.0,0.0,0.0,0.0,2,0,41.45232875794875,-92.25471053546318,10997.372030055658,99.81487031814372,-0.0058578386880953,0.0023920523541146,,10022.661867135384,12264.339701119052,150,1,2025-09-12,2025-09-26 14:25:51.924,AH,C,1522857338,AMBUSH51,1,1,48,2,1,1,225,2,1,0,0,9,1,225,2,1,-144491.93702687847,-4793102.082267012,4195987.207841315,2.30143,2.85071,-0.315659,-100.731,31.4021,34.2592,-0.134172,-7.28205,6.69016,-0.00427458,-0.00234379,0.00263507,4,0,41.37743583738711,-91.72670465918972,10023.815909826826,-66.73213836227237,1.2214718910309577,-1.6547590314609153,182.231,10022.661867135384,12264.339701119052,150,True,24.166093891672293,False,166.39055100404494,179.02195463650096,False,12.787544546408585,True,False
1,1970-07-23 10:27:51.530339676,2025-09-12,2025-09-26 14:25:53.033,AH,C,3138067420,JASSM,3,128,76,2,2,1,225,9,2,0,1,26,0,0,0,0,-188341.9730242056,-4786305.008760299,4202410.640104771,-2.30155,-0.153302,0.128183,92.125,-14.125,-11.875,0.0,0.0,0.0,0.0,0.0,0.0,2,0,41.45216290146283,-92.2534367279478,10997.377241893397,99.81571357316194,-0.0048888110377974,0.0023913785652307,,10022.661867135384,12264.339701119052,150,1,2025-09-12,2025-09-26 14:25:52.924,AH,C,1524050336,AMBUSH51,1,1,48,2,1,1,225,2,1,0,0,9,1,225,2,1,-144593.74995892835,-4793070.105593684,4196021.4398050085,2.29702,2.85146,-0.31465,-100.842,31.2309,34.1673,0.0406602,-7.32811,6.47873,-0.0030075,0.00834214,-0.00222936,4,0,41.377838895081325,-91.72793212546314,10026.924192688031,-66.8030335128142,1.2122981957341463,-1.8953364222811249,182.279,10022.661867135384,12264.339701119052,150,True,24.049287760414916,False,166.49627275001893,179.0455186856875,False,12.709973701143559,True,False
1,1970-07-23 10:27:51.540633596,2025-09-12,2025-09-26 14:25:54.063,AH,C,3139379766,JASSM,3,128,76,2,2,1,225,9,2,0,1,26,0,0,0,0,-188240.63513358065,-4786320.676729049,4202397.423307896,-2.30155,-0.153302,0.128183,92.125,-14.125,-11.875,0.0,0.0,0.0,0.0,0.0,0.0,2,0,41.452004217562695,-92.25221814432076,10997.374318982624,99.81652026760987,-0.0039617887272647,0.0023907301290113,,10022.661867135384,12264.339701119052,150,1,2025-09-12,2025-09-26 14:25:53.991,AH,C,1525322868,AMBUSH51,1,1,48,2,1,1,225,2,1,0,0,9,1,225,2,1,-144700.66206710978,-4793036.690887667,4196057.268078016,2.3112,2.85277,-0.314253,-100.916,31.1016,34.0749,0.0209168,-7.11735,6.57614,0.0881205,-0.00460124,0.00818818,4,0,41.37826035514816,-91.7292210248601,10030.341119569744,-66.86964979511772,1.24960441618477,-1.061019827616982,182.316,10022.661867135384,12264.339701119052,150,True,23.932086212118897,False,166.58271038672024,179.07014680779596,False,12.65410947343071,True,False
1,1970-07-23 10:27:51.552188095,2025-09-12,2025-09-26 14:25:55.218,AH,C,3140692358,JASSM,3,128,76,2,2,1,225,9,2,0,1,26,0,0,0,0,-188139.2777117056,-4786336.346650924,4202384.204557896,-2.30155,-0.153302,0.128183,92.125,-14.125,-11.875,0.0,0.0,0.0,0.0,0.0,0.0,2,0,41.45184550051999,-92.2509993322736,10997.375555020051,99.81732711072908,-0.003034589858497,0.0023900916599509,,10022.661867135384,12264.339701119052,150,1,2025-09-12,2025-09-26 14:25:55.059,AH,C,1526595400,AMBUSH51,1,1,48,2,1,1,225,2,1,0,0,9,1,225,2,1,-144808.88844510325,-4793002.925964891,4196093.506149335,2.40641,2.85694,-0.313352,-100.729,31.43,34.2134,-0.0560896,-7.23214,6.36835,0.0391412,1.56045e-05,0.0109158,4,0,41.37868641438976,-91.73052576336094,10033.889833601868,-67.0643300914322,1.3801844540420285,4.463280233726793,182.108,10022.661867135384,12264.339701119052,150,True,23.814130185063643,False,166.3999241434657,179.09485501545473,False,12.872991470882157,True,False
1,1970-07-23 10:27:51.562490278,2025-09-12,2025-09-26 14:25:56.249,AH,C,3142004472,JASSM,3,128,76,2,2,1,225,9,2,0,1,26,0,0,0,0,-188037.9573992056,-4786352.010713424,4202370.987761021,-2.30155,-0.153302,0.128183,92.125,-14.125,-11.875,0.0,0.0,0.0,0.0,0.0,0.0,2,0,41.45168680993505,-92.24978097245904,10997.375708260508,99.81813365193526,-0.0021077272805362,0.002389434900094,,10022.661867135384,12264.339701119052,150,1,2025-09-12,2025-09-26 14:25:56.091,AH,C,1527828166,AMBUSH51,1,1,48,2,1,1,225,2,1,0,0,9,1,225,2,1,-144911.92492890946,-4792969.955257618,4196128.793292013,2.42244,2.84485,-0.327194,-100.276,31.8464,35.0148,-0.037737,-7.17589,6.55969,0.00576221,-0.000298565,0.0117834,4,0,41.37910224741759,-91.73176824765189,10036.951666674846,-66.03688463947333,1.4503085168095466,5.18866258474312,182.023,10022.661867135384,12264.339701119052,150,True,23.69906632771054,False,165.88251252262347,179.11905773854576,False,13.419727353373588,True,False
1,1970-07-23 10:27:51.573252764,2025-09-12,2025-09-26 14:25:57.325,AH,C,3143257438,JASSM,3,128,76,2,2,1,225,9,2,0,1,26,0,0,0,0,-187941.2034929556,-4786366.965791549,4202358.366667271,-2.30155,-0.153302,0.128183,92.125,-14.125,-11.875,0.0,0.0,0.0,0.0,0.0,0.0,2,0,41.45153527754765,-92.248617529877,10997.373629975003,99.81890383614792,-0.0012226416120613,0.00238882546353,,10022.661867135384,12264.339701119052,150,1,2025-09-12,2025-09-26 14:25:57.224,AH,C,1529180232,AMBUSH51,1,1,48,2,1,1,225,2,1,0,0,9,1,225,2,1,-145025.72529390323,-4792932.946318925,4196168.895110958,2.40268,2.83848,-0.334399,-99.7322,32.4692,35.7245,-0.0115129,-6.96153,6.51613,-0.0177485,-0.00370866,-0.0017425,4,0,41.379572656550565,-91.7331407627678,10041.326870357409,-65.50066767318627,1.4866515803796745,3.951873130928739,182.279,10022.661867135384,12264.339701119052,150,True,23.580165300680672,False,165.32322231959023,179.14711766010643,False,14.018475574766963,True,False
1,1970-07-23 10:27:51.584270700,2025-09-12,2025-09-26 14:25:58.427,AH,C,3144569792,JASSM,3,128,76,2,2,1,225,9,2,0,1,26,0,0,0,0,-187839.86560233065,-4786382.629854049,4202345.145964146,-2.30145,-0.153206,0.128183,92.125,-14.125,-11.875,0.0,0.0,0.0,0.0,0.0,0.0,2,0,41.45137653948816,-92.24739897157602,10997.374329689166,99.8160741340408,-0.0043525576526597,0.0071775860645217,,10022.661867135384,12264.339701119052,150,1,2025-09-12,2025-09-26 14:25:58.358,AH,C,1530532296,AMBUSH51,1,1,48,2,1,1,225,2,1,0,0,9,1,225,2,1,-145137.98377000864,-4792895.753145354,4196209.108087976,2.36466,2.83526,-0.335949,-99.491,32.6997,36.2809,-0.165664,-7.31089,6.55231,-0.0516872,0.00141376,0.014715,4,0,41.38004517292439,-91.73449494838594,10045.383112938867,-65.31677779776307,1.423248224432095,1.7175099885094067,182.157,10022.661867135384,12264.339701119052,150,True,23.459548378727668,False,164.99580575809398,179.1749718472452,False,14.381893007245486,True,False
1,1970-07-23 10:27:51.595289468,2025-09-12,2025-09-26 14:25:59.528,AH,C,3145881874,JASSM,3,128,76,2,2,1,225,9,2,0,1,26,0,0,0,0,-187738.5472429556,-4786398.290010299,4202331.927214146,-2.30145,-0.153206,0.128279,92.125,-14.125,-11.875,0.0,0.0,0.0,0.0,0.0,0.0,2,0,41.4512178203835,-92.2461806544884,10997.37704361457,99.82097115905908,-0.0070921403068813,0.0071765011477963,,10022.661867135384,12264.339701119052,150,1,2025-09-12,2025-09-26 14:25:59.491,AH,C,1531884362,AMBUSH51,1,1,48,2,1,1,225,2,1,0,0,9,1,225,2,1,-145251.1836135326,-4792857.944024862,4196250.108962737,2.33879,2.83193,-0.339316,-99.2917,32.8206,36.4709,-0.0363167,-7.13345,6.53203,-0.0168435,0.000648105,-0.00584959,4,0,41.38052648679105,-91.73586061919066,10049.710777506583,-65.0540195742764,1.4281847044847031,0.1790513356369506,182.194,10022.661867135384,12264.339701119052,150,True,23.338349038944827,False,164.84603053845453,179.20295156016255,False,14.571777545366455,True,False
1,1970-07-23 10:27:51.606312088,2025-09-12,2025-09-26 14:26:00.631,AH,C,3147253876,JASSM,3,128,76,2,2,1,225,9,2,0,1,26,0,0,0,0,-187632.6019304556,-4786414.663057174,4202318.102995396,-2.30145,-0.153206,0.128279,92.125,-14.125,-11.875,0.0,0.0,0.0,0.0,0.0,0.0,2,0,41.45105184052815,-92.2449067073581,10997.376260136372,99.82181448800104,-0.0061229723242722,0.0071758296190701,,10022.661867135384,12264.339701119052,150,1,2025-09-12,2025-09-26 14:26:00.591,AH,C,1533196660,AMBUSH51,1,1,48,2,1,1,225,2,1,0,0,9,1,225,2,1,-145359.6870177848,-4792821.624456056,4196289.542486312,2.32033,2.83369,-0.338846,-99.2226,32.9263,36.3532,-0.0808045,-7.19888,6.5673,-0.015645,0.000186213,-0.00408941,4,0,41.38098918948612,-91.73716967801042,10053.961967132796,-65.14012528435181,1.4792018110564424,-0.8472711570333541,181.986,10022.661867135384,12264.339701119052,150,True,23.217330264468117,False,164.84627514650958,179.22901028082578,False,14.613767836976766,True,False
1,1970-07-23 10:27:51.617428396,2025-09-12,2025-09-26 14:26:01.742,AH,C,3148566230,JASSM,3,128,76,2,2,1,225,9,2,0,1,26,0,0,0,0,-187531.2620867056,-4786430.323213424,4202304.878386021,-2.30145,-0.153206,0.128279,92.125,-14.125,-11.875,0.0,0.0,0.0,0.0,0.0,0.0,2,0,41.45089306050973,-92.2436881456385,10997.375402803193,99.82262115024822,-0.005195934318048,0.0071751850510829,,10022.661867135384,12264.339701119052,150,1,2025-09-12,2025-09-26 14:26:01.726,AH,C,1534548726,AMBUSH51,1,1,48,2,1,1,225,2,1,0,0,9,1,225,2,1,-145472.79583164852,-4792783.70847086,4196330.7763742125,2.32138,2.82935,-0.338762,-99.2322,32.9063,36.3424,-0.223691,-7.30716,6.68258,0.0048946,0.00472399,-0.00525038,4,0,41.38147269652588,-91.73853433869152,10058.54128491311,-64.98196099076823,1.3077302757668827,-0.8661122690223899,181.95,10022.661867135384,12264.339701119052,150,True,23.096162759857407,False,164.85796005008223,179.2555123671745,False,14.643451154399374,True,False
1,1970-07-23 10:27:51.629394821,2025-09-12,2025-09-26 14:26:02.939,AH,C,3149938232,JASSM,3,128,76,2,2,1,225,9,2,0,1,26,0,0,0,0,-187425.3167742056,-4786446.692354049,4202291.052214146,-2.30145,-0.153206,0.128279,92.125,-14.125,-11.875,0.0,0.0,0.0,0.0,0.0,0.0,2,0,41.45072706312227,-92.24241421304458,10997.372515495344,99.82346446413204,-0.0042267693509542,0.0071745231137753,,10022.661867135384,12264.339701119052,150,1,2025-09-12,2025-09-26 14:26:02.891,AH,C,1535940558,AMBUSH51,1,1,48,2,1,1,225,2,1,0,0,9,1,225,2,1,-145587.60560781162,-4792745.331486218,4196372.514127859,2.35147,2.83451,-0.337482,-99.0795,32.8926,36.2778,-0.129666,-7.23454,6.48134,0.10034,-0.00638639,0.000795827,4,0,41.38196202373644,-91.73991950197336,10063.214438074932,-65.2289336780812,1.4592324074300616,0.9500394834231544,181.864,10022.661867135384,12264.339701119052,150,True,22.97151247335637,False,164.8512138294394,179.2810488381824,False,14.693261295955297,True,False
1,1970-07-23 10:27:51.639466856,2025-09-12,2025-09-26 14:26:03.946,AH,C,3151250582,JASSM,3,128,76,2,2,1,225,9,2,0,1,26,0,0,0,0,-187323.97888358065,-4786462.350557174,4202277.827604771,-2.30145,-0.153206,0.128279,92.125,-14.125,-11.875,0.0,0.0,0.0,0.0,0.0,0.0,2,0,41.450568267865,-92.24119568773888,10997.378273000128,99.82427109707496,-0.0032997511139056,0.0071738863499409,,10022.661867135384,12264.339701119052,150,1,2025-09-12,2025-09-26 14:26:04.025,AH,C,1537292622,AMBUSH51,1,1,48,2,1,1,225,2,1,0,0,9,1,225,2,1,-145700.37160338656,-4792707.06610671,4196413.87460637,2.43747,2.82895,-0.34029,-98.7183,33.4501,36.7479,-0.131331,-7.19312,6.49276,0.0320276,-0.00156149,0.0173948,4,0,41.382448492221855,-91.74128023448368,10067.199468912871,-64.90557746311617,1.3550669674156055,5.779648152757659,181.583,10022.661867135384,12264.339701119052,150,True,22.85051254496564,False,164.43934230199744,179.30506150349288,False,15.151222148714572,True,False
1,1970-07-23 10:27:51.650487056,2025-09-12,2025-09-26 14:26:05.048,AH,C,3152503282,JASSM,3,128,76,2,2,1,225,9,2,0,1,26,0,0,0,0,-187227.24450858065,-4786477.293916549,4202265.200651646,-2.30145,-0.153206,0.128279,92.125,-14.125,-11.875,0.0,0.0,0.0,0.0,0.0,0.0,2,0,41.45041667431304,-92.24003252405102,10997.37346916908,99.82504107965556,-0.0024148461063683,0.0071732783500131,,10022.661867135384,12264.339701119052,150,1,2025-09-12,2025-09-26 14:26:05.125,AH,C,1538604922,AMBUSH51,1,1,48,2,1,1,225,2,1,0,0,9,1,225,2,1,-145807.98340154387,-4792669.6800157605,4196454.270816906,2.4662,2.81275,-0.34984,-98.1138,34.4456,37.4538,-0.079138,-7.02543,6.56713,-0.0198624,0.00193599,0.00799885,4,0,41.38292413666114,-91.74257910642196,10070.878899156913,-63.90569808913037,1.1082630130359432,7.132978896710289,181.497,10022.661867135384,12264.339701119052,150,True,22.73490282327436,False,163.76163676978032,179.32721859181197,False,15.87881448347154,True,False
1,1970-07-23 10:27:51.661270511,2025-09-12,2025-09-26 14:26:06.127,AH,C,3153755980,JASSM,3,128,76,2,2,1,225,9,2,0,1,26,0,0,0,0,-187130.5120867056,-4786492.237275924,4202252.573698521,-2.30145,-0.153206,0.128279,92.125,-14.125,-11.875,0.0,0.0,0.0,0.0,0.0,0.0,2,0,41.45026506854204,-92.2388693891224,10997.373853822426,99.82581104088231,-0.001529958237931,0.0071726668713002,,10022.661867135384,12264.339701119052,150,1,2025-09-12,2025-09-26 14:26:06.291,AH,C,1539996754,AMBUSH51,1,1,48,2,1,1,225,2,1,0,0,9,1,225,2,1,-145922.87912739717,-4792628.932416059,4196498.234875763,2.39917,2.80405,-0.357835,-97.6535,34.86,38.2725,-0.165891,-7.21899,6.67029,-0.116215,-0.00344234,0.0173199,4,0,41.38344252977982,-91.74396621777603,10074.579037172674,-63.25233026839904,1.094366559928816,3.132285180646707,181.62,10022.661867135384,12264.339701119052,150,True,22.614946704723515,False,163.23567083864654,179.34945479911866,False,16.449720885544814,True,False
1,1970-07-23 10:27:51.672286664,2025-09-12,2025-09-26 14:26:07.228,AH,C,3155127984,JASSM,3,128,76,2,2,1,225,9,2,0,1,26,0,0,0,0,-187024.5667742056,-4786508.602510299,4202238.743620396,-2.30145,-0.15311,0.128279,92.125,-14.125,-11.875,0.0,0.0,0.0,0.0,0.0,0.0,2,0,41.45009901468008,-92.23759548292664,10997.37557459677,99.8230180521152,-0.0046177263869575,0.0064694363653798,,10022.661867135384,12264.339701119052,150,1,2025-09-12,2025-09-26 14:26:07.391,AH,C,1541309052,AMBUSH51,1,1,48,2,1,1,225,2,1,0,0,9,1,225,2,1,-146029.60421949427,-4792590.561675304,4196539.673265887,2.29373,2.79997,-0.360487,-97.6275,35.0627,38.1743,0.129902,-7.02677,6.414,-0.0464212,0.000123795,-0.00310321,4,0,41.38393119706012,-91.74525489567876,10078.04530444737,-62.99129890832267,1.045070517006027,-2.986021753138227,181.827,10022.661867135384,12264.339701119052,150,True,22.494626894190773,False,163.20996608376063,179.36787840031556,False,16.525583694647423,True,False
1,1970-07-23 10:27:51.683329214,2025-09-12,2025-09-26 14:26:08.332,AH,C,3156380684,JASSM,3,128,76,2,2,1,225,9,2,0,1,26,0,0,0,0,-186927.83435233065,-4786523.543916549,4202226.114714146,-2.30145,-0.15311,0.128279,92.125,-14.125,-11.875,0.0,0.0,0.0,0.0,0.0,0.0,2,0,41.44994738271313,-92.2364323602589,10997.377395775511,99.82378800041974,-0.0037328389200879,0.0064687669910702,,10022.661867135384,12264.339701119052,150,1,2025-09-12,2025-09-26 14:26:08.209,AH,C,1542263452,AMBUSH51,1,1,48,2,1,1,225,2,1,0,0,9,1,225,2,1,-146107.793283938,-4792562.524257503,4196570.031346899,2.25422,2.80612,-0.351689,-97.8604,34.908,37.8083,-0.0865808,-6.90933,6.34664,-0.0322482,-0.00734138,-0.0141949,4,0,41.38428875309565,-91.74619899352584,10080.769881766118,-63.58349985186312,0.929794305736742,-5.136970347211836,181.827,10022.661867135384,12264.339701119052,150,True,22.396011379021786,False,163.44294023510886,179.37942029496372,False,16.328535368729728,True,False
1,1970-07-23 10:27:51.693425916,2025-09-12,2025-09-26 14:26:09.342,AH,C,3157693022,JASSM,3,128,76,2,2,1,225,9,2,0,1,26,0,0,0,0,-186826.49450858065,-4786539.194307174,4202212.882292271,-2.30145,-0.15311,0.128375,92.125,-14.125,-11.875,0.0,0.0,0.0,0.0,0.0,0.0,2,0,41.44978851833746,-92.23521384444004,10997.373743869526,99.82868517955612,-0.0064721795029906,0.0064677368212074,,10022.661867135384,12264.339701119052,150,1,2025-09-12,2025-09-26 14:26:09.324,AH,C,1543615516,AMBUSH51,1,1,48,2,1,1,225,2,1,0,0,9,1,225,2,1,-146219.74942072516,-4792522.994299533,4196612.239512309,2.21083,2.81325,-0.342268,-98.4456,34.4108,36.8904,0.0417078,-7.15781,6.53359,-0.0274774,0.0011745,0.00202754,4,0,41.38478853758584,-91.74755060677636,10083.459278153488,-64.2390282225406,0.8294898757251662,-7.494280099499886,181.778,10022.661867135384,12264.339701119052,150,True,22.275338754407816,False,164.0569071243912,179.39267019684374,False,15.765425847091707,True,False
1,1970-07-23 10:27:51.705488164,2025-09-12,2025-09-26 14:26:10.548,AH,C,3159005386,JASSM,3,128,76,2,2,1,225,9,2,0,1,26,0,0,0,0,-186725.15466483065,-4786554.844697799,4202199.649870396,-2.30145,-0.15311,0.128375,92.125,-14.125,-11.875,0.0,0.0,0.0,0.0,0.0,0.0,2,0,41.449629641051,-92.2339953345665,10997.375580322814,99.82949178734654,-0.005545145586083,0.0064671039818416,,10022.661867135384,12264.339701119052,150,1,2025-09-12,2025-09-26 14:26:10.391,AH,C,1544888048,AMBUSH51,1,1,48,2,1,1,225,2,1,0,0,9,1,225,2,1,-146324.23261376476,-4792486.813435419,4196650.654757549,2.21408,2.82607,-0.332378,-98.9485,33.8065,35.9385,-0.0630883,-7.07704,6.56164,0.0509506,0.00992548,-0.0144549,4,0,41.38524413470527,-91.74881176064076,10085.608630451656,-65.12912891209744,0.9347098370903087,-7.079074452512869,181.901,10022.661867135384,12264.339701119052,150,True,22.15914936282175,False,164.6937115458249,179.4014090288408,False,15.174259832898347,True,False
1,1970-07-23 10:27:51.716270238,2025-09-12,2025-09-26 14:26:11.627,AH,C,3160317738,JASSM,3,128,76,2,2,1,225,9,2,0,1,26,0,0,0,0,-186623.81482108065,-4786570.493135299,4202186.415495396,-2.30145,-0.15311,0.128375,92.125,-14.125,-11.875,0.0,0.0,0.0,0.0,0.0,0.0,2,0,41.44947074930577,-92.23277683154949,10997.37386405842,99.83029838805544,-0.004618112051741,0.0064664694511488,,10022.661867135384,12264.339701119052,150,1,2025-09-12,2025-09-26 14:26:11.524,AH,C,1546240114,AMBUSH51,1,1,48,2,1,1,225,2,1,0,0,9,1,225,2,1,-146437.3662325518,-4792448.563157287,4196690.900150932,2.27168,2.83821,-0.32237,-99.414,33.2083,35.2342,-0.279539,-7.28096,6.8056,0.0554426,-0.00348604,-0.00741628,4,0,41.38572281066408,-91.75017701016615,10087.293448060747,-66.00002045729198,1.0138758950617204,-3.569970791097479,181.864,10022.661867135384,12264.339701119052,150,True,22.038121716808078,False,165.22935609329443,179.40709492759498,False,14.683131090977227,True,False
1,1970-07-23 10:27:51.726287288,2025-09-12,2025-09-26 14:26:12.628,AH,C,3161570490,JASSM,3,128,76,2,2,1,225,9,2,0,1,26,0,0,0,0,-186527.0784929556,-4786585.430635299,4202173.782682896,-2.30145,-0.15311,0.128375,92.125,-14.125,-11.875,0.0,0.0,0.0,0.0,0.0,0.0,2,0,41.44931906641417,-92.23161368646062,10997.377946190838,99.831068341637,-0.0037331909344433,0.0064658666498084,,10022.661867135384,12264.339701119052,150,1,2025-09-12,2025-09-26 14:26:12.626,AH,C,1547552412,AMBUSH51,1,1,48,2,1,1,225,2,1,0,0,9,1,225,2,1,-146546.4043070149,-4792412.1943541765,4196729.128288387,2.32209,2.83386,-0.32618,-99.6636,33.014,35.0219,-0.168243,-7.43707,6.72349,0.0488368,-0.00389383,0.0131171,4,0,41.38617740473513,-91.75149267366072,10088.931851255373,-65.68002030688334,0.9956516512639636,-0.7553127244453536,181.95,10022.661867135384,12264.339701119052,150,True,21.922078079162844,False,165.41929397390223,179.40934672327649,False,14.535545724504424,True,False
1,1970-07-23 10:27:51.738311021,2025-09-12,2025-09-26 14:26:13.831,AH,C,3162942438,JASSM,3,128,76,2,2,1,225,9,2,0,1,26,0,0,0,0,-186421.1370867056,-4786601.788057174,4202159.944792271,-2.30145,-0.15311,0.128375,92.125,-14.125,-11.875,0.0,0.0,0.0,0.0,0.0,0.0,2,0,41.44915292508296,-92.2303398676085,10997.37804242445,99.83191155398,-0.0027640624765611,0.0064651951657153,,10022.661867135384,12264.339701119052,150,1,2025-09-12,2025-09-26 14:26:13.790,AH,C,1548944244,AMBUSH51,1,1,48,2,1,1,225,2,1,0,0,9,1,225,2,1,-146663.29487865264,-4792373.491615469,4196770.06499565,2.35012,2.83475,-0.326976,-99.6021,32.8194,35.2627,-0.197656,-7.32845,6.76696,0.000972678,0.0195045,0.00483218,4,0,41.38666272361893,-91.75290300198462,10091.30185542911,-65.68123715214917,1.06300550943742,0.8672081658769342,181.901,10022.661867135384,12264.339701119052,150,True,21.79648784566131,False,165.3709870717961,179.40852745741034,False,14.62356235052358,True,False
1,1970-07-23 10:27:51.748446100,2025-09-12,2025-09-26 14:26:14.844,AH,C,3164254790,JASSM,3,128,76,2,2,1,225,9,2,0,1,26,0,0,0,0,-186319.7972429556,-4786617.432588424,4202146.708464146,-2.30145,-0.15311,0.128375,92.125,-14.125,-11.875,0.0,0.0,0.0,0.0,0.0,0.0,2,0,41.44899400468479,-92.22912138425072,10997.378950665656,99.83271813404492,-0.001837031929643,0.0064645701838519,,10022.661867135384,12264.339701119052,150,1,2025-09-12,2025-09-26 14:26:14.857,AH,C,1550216776,AMBUSH51,1,1,48,2,1,1,225,2,1,0,0,9,1,225,2,1,-146768.86773846846,-4792338.163605807,4196807.409622915,2.35427,2.82948,-0.330147,-99.5043,32.9774,35.5491,-0.0467289,-7.20201,6.43888,-0.00881028,-0.000429643,0.00149075,4,0,41.38710576200527,-91.7541769319452,10093.33903425536,-65.35312650127806,0.9838224752742908,1.0132177842082788,181.864,10022.661867135384,12264.339701119052,150,True,21.67991314953156,False,165.19793818182018,179.404445561442,False,14.838282219068729,True,False
1,1970-07-23 10:27:51.759467342,2025-09-12,2025-09-26 14:26:15.946,AH,C,3165507490,JASSM,3,128,76,2,2,1,225,9,2,0,1,26,0,0,0,0,-186223.0628679556,-4786632.364229049,4202134.071745396,-2.30145,-0.153015,0.128375,92.125,-14.125,-11.875,0.0,0.0,0.0,0.0,0.0,0.0,2,0,41.44884229289938,-92.22795828226327,10997.376054945958,99.829851872278,-0.0050090585349626,0.0057609092898037,,10022.661867135384,12264.339701119052,150,1,2025-09-12,2025-09-26 14:26:15.958,AH,C,1551529074,AMBUSH51,1,1,48,2,1,1,225,2,1,0,0,9,1,225,2,1,-146878.28015987846,-4792301.720920728,4196845.979988553,2.31886,2.82685,-0.331021,-99.4623,33.0015,35.5172,-0.146045,-7.17365,6.50398,-0.0657853,0.000425482,-0.000179971,4,0,41.38756299189874,-91.7554971489446,10095.589147711917,-65.21898261954145,0.916840837785473,-1.0622448256475967,181.778,10022.661867135384,12264.339701119052,150,True,21.563679548611738,False,165.19361729245796,179.3971597658069,False,14.887975542948608,True,False
1,1970-07-23 10:27:51.771434567,2025-09-12,2025-09-26 14:26:17.143,AH,C,3166879492,JASSM,3,128,76,2,2,1,225,9,2,0,1,26,0,0,0,0,-186117.1175554556,-4786648.717744674,4202120.229948521,-2.30145,-0.153015,0.128375,92.125,-14.125,-11.875,0.0,0.0,0.0,0.0,0.0,0.0,2,0,41.4486761088872,-92.2266844371944,10997.374908218337,99.8306950940494,-0.0040398965285568,0.0057601797284804,,10022.661867135384,12264.339701119052,150,1,2025-09-12,2025-09-26 14:26:17.090,AH,C,1552881140,AMBUSH51,1,1,48,2,1,1,225,2,1,0,0,9,1,225,2,1,-146991.14397496876,-4792264.057474293,4196885.696482282,2.23093,2.82536,-0.326937,-99.7995,33.069,34.9562,-0.0967928,-6.9426,6.54873,-0.128149,-0.00684204,-0.00491124,4,0,41.38803457590024,-91.75685905709922,10097.589997629457,-65.33244784220886,0.6975382567739807,-6.129305303913497,182.108,10022.661867135384,12264.339701119052,150,True,21.440413929541588,False,165.45831838323255,179.38596212432742,False,14.678218067900843,True,False
1,1970-07-23 10:27:51.782598219,2025-09-12,2025-09-26 14:26:18.259,AH,C,3168191844,JASSM,3,128,76,2,2,1,225,9,2,0,1,26,0,0,0,0,-186015.7777117056,-4786664.358369674,4202106.989714146,-2.30145,-0.153015,0.128375,92.125,-14.125,-11.875,0.0,0.0,0.0,0.0,0.0,0.0,2,0,41.448517146662425,-92.22546597349596,10997.374199233724,99.83150165351772,-0.003112866758679,0.0057594924821621,,10022.661867135384,12264.339701119052,150,1,2025-09-12,2025-09-26 14:26:18.291,AH,C,1554312738,AMBUSH51,1,1,48,2,1,1,225,2,1,0,0,9,1,225,2,1,-147112.83130395092,-4792223.946855011,4196927.287272658,2.13958,2.82332,-0.307643,-100.877,32.9577,33.5437,-0.0827336,-6.51125,6.0674,-0.0596871,-0.00640927,-0.0227482,4,0,41.388531742297495,-91.7583272764799,10098.310267351886,-66.051679255685,-0.1489751885854796,-11.403254178429057,182.683,10022.661867135384,12264.339701119052,150,False,21.314716250351065,False,166.24293606016977,179.37022659466385,False,13.960158175286365,True,False
1,1970-07-23 10:27:51.793247347,2025-09-12,2025-09-26 14:26:19.324,AH,C,3169504194,JASSM,3,128,76,2,2,1,225,9,2,0,1,26,0,0,0,0,-185914.4378679556,-4786679.998994674,4202093.747526646,-2.30145,-0.153015,0.128471,92.125,-14.125,-11.875,0.0,0.0,0.0,0.0,0.0,0.0,2,0,41.44835815835352,-92.22424751574631,10997.374736892254,99.83639881678975,-0.0058521585034509,0.005758505270682,,10022.661867135384,12264.339701119052,150,1,2025-09-12,2025-09-26 14:26:19.324,AH,C,1555545504,AMBUSH51,1,1,48,2,1,1,225,2,1,0,0,9,1,225,2,1,-147217.3003931688,-4792189.891311136,4196960.663869392,2.11671,2.82537,-0.281487,-101.949,33.1117,31.5072,-0.156105,-6.08327,5.75411,0.00318435,-0.0154495,-0.017813,4,0,41.38894056210404,-91.75958762753352,10094.81733160247,-67.2095272907597,-1.107146162926147,-12.66690455702443,183.049,10022.661867135384,12264.339701119052,150,False,21.199140368898888,False,167.13980009567976,179.35301165209057,False,13.137017791252061,True,False
1,1970-07-23 10:27:51.804268053,2025-09-12,2025-09-26 14:26:20.426,AH,C,3170816552,JASSM,3,128,76,2,2,1,225,9,2,0,1,26,0,0,0,0,-185813.0980242056,-4786695.637666549,4202080.505339146,-2.30145,-0.153015,0.128471,92.125,-14.125,-11.875,0.0,0.0,0.0,0.0,0.0,0.0,2,0,41.44819916876109,-92.22302906485272,10997.37596343618,99.83720536272932,-0.004925129040782,0.005757882468558,,10022.661867135384,12264.339701119052,150,1,2025-09-12,2025-09-26 14:26:20.457,AH,C,1556897570,AMBUSH51,1,1,48,2,1,1,225,2,1,0,0,9,1,225,2,1,-147332.729353978,-4792152.175176679,4196994.771493332,2.23965,2.83219,-0.261453,-103.018,33.3994,29.6944,-0.19938,-6.57377,6.17089,0.211452,0.00450553,-0.018974,4,0,41.389374071493,-91.76098025335077,10084.739963938213,-68.29878677908657,-1.630609592385673,-5.492095664860845,184.1,10022.661867135384,12264.339701119052,150,True,21.077461737284448,False,167.86681402971203,179.3304023076708,False,12.487245502710516,True,False
1,1970-07-23 10:27:51.815285786,2025-09-12,2025-09-26 14:26:21.528,AH,C,3172188548,JASSM,3,128,76,2,2,1,225,9,2,0,1,26,0,0,0,0,-185707.15075858065,-4786711.985322799,4202066.659636021,-2.30145,-0.153015,0.128471,92.125,-14.125,-11.875,0.0,0.0,0.0,0.0,0.0,0.0,2,0,41.44803293913045,-92.22175522432109,10997.374960611343,99.83804857077216,-0.0039559531794807,0.0057572333803517,,10022.661867135384,12264.339701119052,150,1,2025-09-12,2025-09-26 14:26:21.557,AH,C,1558209868,AMBUSH51,1,1,48,2,1,1,225,2,1,0,0,9,1,225,2,1,-147446.4383357998,-4792115.047438287,4197026.687065424,2.36653,2.84397,-0.257903,-103.693,33.6096,29.4227,-0.356965,-7.14539,6.83692,0.0419084,-0.00275159,0.0150812,4,0,41.389789579294685,-91.7623521376849,10071.233103738943,-68.89792827060813,-1.2984720650858623,1.9663237632829929,184.711,10022.661867135384,12264.339701119052,150,True,20.954367294973927,False,168.0173085551375,179.30541906314565,False,12.385114182498542,True,False
1,1970-07-23 10:27:51.826242657,2025-09-12,2025-09-26 14:26:22.624,AH,C,3173500900,JASSM,3,128,76,2,2,1,225,9,2,0,1,26,0,0,0,0,-185605.81091483065,-4786727.622041549,4202053.415495396,-2.30145,-0.153015,0.128471,92.125,-14.125,-11.875,0.0,0.0,0.0,0.0,0.0,0.0,2,0,41.44787392158397,-92.22053678650356,10997.378372182318,99.83885510285144,-0.003028924068952,0.0057566088352561,,10022.661867135384,12264.339701119052,150,1,2025-09-12,2025-09-26 14:26:22.590,AH,C,1559442634,AMBUSH51,1,1,48,2,1,1,225,2,1,0,0,9,1,225,2,1,-147554.77595167453,-4792079.502972974,4197057.235161914,2.39808,2.83015,-0.273665,-103.989,34.162,29.8427,-0.160528,-7.04399,6.69072,0.00509642,-0.0070064,0.00667767,4,0,41.39018740533812,-91.76365929780324,10058.255991946098,-67.71756761972468,-1.225175896368354,3.5396412589315323,185.909,10022.661867135384,12264.339701119052,150,True,20.836855715617983,False,167.7558258294657,179.27981645796802,False,12.68675132814521,True,False
1,1970-07-23 10:27:51.837268630,2025-09-12,2025-09-26 14:26:23.726,AH,C,3174753598,JASSM,3,128,76,2,2,1,225,9,2,0,1,26,0,0,0,0,-185509.0784929556,-4786742.545869674,4202040.770964146,-2.30145,-0.153015,0.128471,92.125,-14.125,-11.875,0.0,0.0,0.0,0.0,0.0,0.0,2,0,41.447722116333686,-92.21937375149425,10997.37640848494,99.83962495925157,-0.002144042116404,0.0057560071980531,,10022.661867135384,12264.339701119052,150,1,2025-09-12,2025-09-26 14:26:23.591,AH,C,1560635632,AMBUSH51,1,1,48,2,1,1,225,2,1,0,0,9,1,225,2,1,-147658.81852019829,-4792044.761263766,4197087.328569474,2.35317,2.83181,-0.272998,-104.227,34.6883,30.4123,-0.110955,-7.31161,6.90212,-0.0774845,0.00651954,0.00182572,4,0,41.390578159679386,-91.76491487525077,10045.949023847304,-67.8095513424586,-1.1844448735802775,0.994402710990024,186.752,10022.661867135384,12264.339701119052,150,True,20.72423787862418,False,167.4476387379826,179.25314666868846,False,13.032334703186041,True,False
1,1970-07-23 10:27:51.848292928,2025-09-12,2025-09-26 14:26:24.829,AH,C,3176065950,JASSM,3,128,76,2,2,1,225,9,2,0,1,26,0,0,0,0,-185407.7386492056,-4786758.178682174,4202027.522917271,-2.30145,-0.152919,0.128471,92.125,-14.125,-11.875,0.0,0.0,0.0,0.0,0.0,0.0,2,0,41.44756307045855,-92.21815532711716,10997.37246491426,99.83679539313366,-0.0052739356833133,0.0050518111882712,,10022.661867135384,12264.339701119052,150,1,2025-09-12,2025-09-26 14:26:24.823,AH,C,1562106996,AMBUSH51,1,1,48,2,1,1,225,2,1,0,0,9,1,225,2,1,-147787.1694738908,-4792001.948747126,4197124.621988938,2.23254,2.83011,-0.27527,-104.949,34.5,30.6592,-0.0215856,-7.26897,6.8503,-0.144091,0.0140991,0.00171753,4,0,41.39106105751113,-91.7664638100833,10031.256145855788,-67.65159930662047,-1.1607608080867635,-5.946986641775923,187.864,10022.661867135384,12264.339701119052,150,True,20.59517908149829,False,167.580092693818,179.21882975804323,False,12.941707545014307,True,False
1,1970-07-23 10:27:51.858425418,2025-09-12,2025-09-26 14:26:25.842,AH,C,3177318650,JASSM,3,128,76,2,2,1,225,9,2,0,1,26,0,0,0,0,-185311.0042742056,-4786773.100557174,4202014.878386021,-2.30145,-0.152919,0.128471,92.125,-14.125,-11.875,0.0,0.0,0.0,0.0,0.0,0.0,2,0,41.44741125320054,-92.21699228077158,10997.375755257466,99.83756525233495,-0.0043890392137549,0.0050511680748891,,10022.661867135384,12264.339701119052,150,1,2025-09-12,2025-09-26 14:26:25.990,AH,C,1563498828,AMBUSH51,1,1,48,2,1,1,225,2,1,0,0,9,1,225,2,1,-147910.97233692353,-4791961.808515576,4197159.707634246,2.12626,2.84265,-0.260042,-106.111,33.8555,29.4539,0.0325139,-7.09041,6.60198,-0.056974,-0.00258514,-0.0306857,4,0,41.39151396981766,-91.76795745654896,10018.012898970226,-68.76246670670379,-1.262216215953873,-11.823064707831504,189.282,10022.661867135384,12264.339701119052,150,False,20.471407958975995,False,168.40024442662894,179.18551492099084,False,12.178590646399941,True,False
1,1970-07-23 10:27:51.868465267,2025-09-12,2025-09-26 14:26:26.846,AH,C,3178571582,JASSM,3,128,76,2,2,1,225,9,2,0,1,26,0,0,0,0,-185214.25232108065,-4786788.024385299,4202002.227995396,-2.30145,-0.152919,0.128471,92.125,-14.125,-11.875,0.0,0.0,0.0,0.0,0.0,0.0,2,0,41.44725937707907,-92.21582902885802,10997.374449801671,99.83833524528914,-0.0035039788471902,0.0050505055307954,,10022.661867135384,12264.339701119052,150,1,2025-09-12,2025-09-26 14:26:26.756,AH,C,1564413462,AMBUSH51,1,1,48,2,1,1,225,2,1,0,0,9,1,225,2,1,-147992.7936587925,-4791936.034850885,4197181.780705526,2.09058,2.85406,-0.244082,-107.076,33.0198,28.518,-0.101453,-7.21491,6.84215,-0.0105164,0.00407693,-0.0118334,4,0,41.39180127024867,-91.768944341492,10008.704144728978,-69.86223858255038,-1.4328481268871172,-13.67844393805283,189.673,10022.661867135384,12264.339701119052,150,False,20.37174657625526,False,169.15563424096482,179.1628850081736,False,11.456721195102723,True,False
1,1970-07-23 10:27:51.879491003,2025-09-12,2025-09-26 14:26:27.949,AH,C,3179883698,JASSM,3,128,76,2,2,1,225,9,2,0,1,26,0,0,0,0,-185112.9300554556,-4786803.651338424,4201988.979948521,-2.30145,-0.152919,0.128471,92.125,-14.125,-11.875,0.0,0.0,0.0,0.0,0.0,0.0,2,0,41.44710032448022,-92.21461083459285,10997.37374500007,99.83914160382132,-0.0025771128884256,0.0050498217516481,,10022.661867135384,12264.339701119052,150,1,2025-09-12,2025-09-26 14:26:27.823,AH,C,1565685994,AMBUSH51,1,1,48,2,1,1,225,2,1,0,0,9,1,225,2,1,-148107.0778750814,-4791901.49477505,4197210.826475961,2.14233,2.86925,-0.232362,-108.406,31.7425,27.094,-0.174533,-7.50099,6.97008,0.0922921,0.00560408,-0.0197667,4,0,41.3921818134712,-91.77032225367417,9995.427135055425,-70.93220538132964,-1.2776705263000172,-10.48250601018376,190.614,10022.661867135384,12264.339701119052,150,False,20.25132174483,False,170.27096328033238,179.1331950429821,False,10.386146107432548,True,False
1,1970-07-23 10:27:51.890505629,2025-09-12,2025-09-26 14:26:29.050,AH,C,3181136398,JASSM,3,128,76,2,2,1,225,9,2,0,1,26,0,0,0,0,-185016.1956804556,-4786818.569307174,4201976.331511021,-2.30145,-0.152919,0.128567,92.125,-14.125,-11.875,0.0,0.0,0.0,0.0,0.0,0.0,2,0,41.44694846827871,-92.21344780658168,10997.374193489346,99.8440020995056,-0.0053584902805249,0.0050489235231734,,10022.661867135384,12264.339701119052,150,1,2025-09-12,2025-09-26 14:26:28.957,AH,C,1567038058,AMBUSH51,1,1,48,2,1,1,225,2,1,0,0,9,1,225,2,1,-148231.32996622226,-4791865.583077297,4197240.999669488,2.23146,2.88162,-0.222429,-109.483,30.6817,26.4366,-0.049385,-7.58534,7.15889,0.087438,0.00738507,-0.00774709,4,0,41.39257627683705,-91.77181976126782,9981.98784418414,-71.82106785602123,-1.1614607621377977,-5.19684266938033,191.2,10022.661867135384,12264.339701119052,150,True,20.127977742299823,False,171.02460016861482,179.10268845479177,False,9.665130311993574,True,False
1,1970-07-23 10:27:51.901265519,2025-09-12,2025-09-26 14:26:30.126,AH,C,3182448748,JASSM,3,128,76,2,2,1,225,9,2,0,1,26,0,0,0,0,-184914.8558367056,-4786834.198213424,4201963.079557896,-2.30145,-0.152919,0.128567,92.125,-14.125,-11.875,0.0,0.0,0.0,0.0,0.0,0.0,2,0,41.446789356523176,-92.21222941296006,10997.378860842524,99.84480858505844,-0.0044314626016005,0.0050482994283229,,10022.661867135384,12264.339701119052,150,1,2025-09-12,2025-09-26 14:26:30.023,AH,C,1568310590,AMBUSH51,1,1,48,2,1,1,225,2,1,0,0,9,1,225,2,1,-148347.71766421694,-4791832.928425373,4197268.857003732,2.29918,2.88422,-0.227354,-110.141,30.0789,26.6193,-0.20337,-7.62008,7.04975,0.0444363,0.000916502,0.00702721,4,0,41.39293716107716,-91.77322214008603,9970.94731186118,-71.71474252946756,-0.8617231164679496,-1.2859007270795924,192.056,10022.661867135384,12264.339701119052,150,True,20.006663591479036,False,171.28285725649306,179.07452215873334,False,9.424394228087042,True,False
1,1970-07-23 10:27:51.912287729,2025-09-12,2025-09-26 14:26:31.228,AH,C,3183761100,JASSM,3,128,76,2,2,1,225,9,2,0,1,26,0,0,0,0,-184813.5159929556,-4786849.823213424,4201949.825651646,-2.30145,-0.152919,0.128567,92.125,-14.125,-11.875,0.0,0.0,0.0,0.0,0.0,0.0,2,0,41.4466302419361,-92.21101102709522,10997.375175753588,99.84561506292994,-0.0035044379518054,0.00504768498103,,10022.661867135384,12264.339701119052,150,1,2025-09-12,2025-09-26 14:26:31.357,AH,C,1569901256,AMBUSH51,1,1,48,2,1,1,225,2,1,0,0,9,1,225,2,1,-148495.0859222011,-4791792.543187457,4197303.973240029,2.31736,2.88271,-0.226717,-110.74,30.0693,26.8197,-0.0550938,-7.16253,6.6825,-0.0318529,-0.000712604,-0.000941469,4,0,41.393387308483405,-91.77499747832584,9959.005778894209,-71.68504379798088,-0.946883440718902,-0.2638822869420174,192.826,10022.661867135384,12264.339701119052,150,True,19.86793941319732,False,171.3223894449295,179.04003942873538,False,9.421594895964965,True,False
1,1970-07-23 10:27:51.923304710,2025-09-12,2025-09-26 14:26:32.330,AH,C,3185014118,JASSM,3,128,76,2,2,1,225,9,2,0,1,26,0,0,0,0,-184716.75622733065,-4786864.741182174,4201937.169401646,-2.30145,-0.152919,0.128567,92.125,-14.125,-11.875,0.0,0.0,0.0,0.0,0.0,0.0,2,0,41.44647830246277,-92.20984771241724,10997.37172891885,99.84638508552914,-0.0026193099723905,0.0050470942054685,,10022.661867135384,12264.339701119052,150,1,2025-09-12,2025-09-26 14:26:32.390,AH,C,1571134020,AMBUSH51,1,1,48,2,1,1,225,2,1,0,0,9,1,225,2,1,-148610.49716102323,-4791761.076219028,4197331.521070865,2.28862,2.88079,-0.228599,-111.192,30.0308,26.8695,-0.038236,-7.22136,6.72623,-0.0187846,-0.0018278,0.00199009,4,0,41.393739180924655,-91.77638779089794,9950.158952610398,-71.53389156375563,-0.950628706607244,-1.9378544697730755,193.473,10022.661867135384,12264.339701119052,150,True,19.749773848727685,False,171.39397431367593,179.01203063994194,False,9.381358631158287,True,False
1,1970-07-23 10:27:51.933447864,2025-09-12,2025-09-26 14:26:33.344,AH,C,3186326150,JASSM,3,128,76,2,2,1,225,9,2,0,1,26,0,0,0,0,-184615.4417742056,-4786880.362275924,4201923.917448521,-2.30145,-0.152823,0.128567,92.125,-14.125,-11.875,0.0,0.0,0.0,0.0,0.0,0.0,2,0,41.4463191932409,-92.20862964344894,10997.37582090532,99.84355535959874,-0.0057494326075326,0.0043424104516879,,10022.661867135384,12264.339701119052,150,1,2025-09-12,2025-09-26 14:26:33.291,AH,C,1572207720,AMBUSH51,1,1,48,2,1,1,225,2,1,0,0,9,1,225,2,1,-148709.94656483675,-4791734.298020177,4197355.136645669,2.26703,2.885,-0.227944,-111.615,29.884,26.6556,-0.166774,-7.3541,6.92252,-0.0224007,0.0109075,-0.00616792,4,0,41.39403954609657,-91.77758570581156,9943.105052639705,-71.7226085917941,-0.8033820899825225,-3.117415048879772,194.207,10022.661867135384,12264.339701119052,150,True,19.63815232155918,False,171.57912341229195,178.98735226777563,False,9.2272945560273,True,False
1,1970-07-23 10:27:51.944464978,2025-09-12,2025-09-26 14:26:34.446,AH,C,3187638500,JASSM,3,128,76,2,2,1,225,9,2,0,1,26,0,0,0,0,-184514.09997733065,-4786895.985322799,4201910.661589146,-2.30145,-0.152823,0.128567,92.125,-14.125,-11.875,0.0,0.0,0.0,0.0,0.0,0.0,2,0,41.44616003941605,-92.20741125273346,10997.3791250167,99.84436183320584,-0.0048223911599975,0.0043417388206466,,10022.661867135384,12264.339701119052,150,1,2025-09-12,2025-09-26 14:26:34.397,AH,C,1573520018,AMBUSH51,1,1,48,2,1,1,225,2,1,0,0,9,1,225,2,1,-148833.75082290807,-4791701.457225585,4197384.373456735,2.24598,2.88862,-0.225192,-112.2,29.2804,26.5667,-0.254535,-7.34361,6.93105,-0.0030824,0.0071999,-0.0180856,4,0,41.394409411792665,-91.77907681917397,9935.198377015557,-71.97654209645918,-0.7620919103602637,-4.273698014078689,194.818,10022.661867135384,12264.339701119052,150,True,19.512838369181566,False,171.89684780089374,178.95747151364895,False,8.932843879090154,True,False
1,1970-07-23 10:27:51.955507316,2025-09-12,2025-09-26 14:26:35.550,AH,C,3188891416,JASSM,3,128,76,2,2,1,225,9,2,0,1,26,0,0,0,0,-184417.34997733065,-4786910.897432174,4201898.003386021,-2.30145,-0.152823,0.128567,92.125,-14.125,-11.875,0.0,0.0,0.0,0.0,0.0,0.0,2,0,41.44600808299224,-92.20624807426655,10997.373444853249,99.84513175850626,-0.0039373546667543,0.0043410956064091,,10022.661867135384,12264.339701119052,150,1,2025-09-12,2025-09-26 14:26:35.464,AH,C,1574792550,AMBUSH51,1,1,48,2,1,1,225,2,1,0,0,9,1,225,2,1,-148953.08296262135,-4791670.448734461,4197412.131728155,2.27316,2.89115,-0.219966,-112.802,28.9487,26.2721,-0.116077,-7.11279,6.58424,0.0609541,-0.00324885,0.00070012,4,0,41.39475920440733,-91.78051384697488,9928.25844972022,-72.29308338062309,-0.861365927138147,-2.680173599289665,195.392,10022.661867135384,12264.339701119052,150,True,19.392641936001507,False,172.19311919842636,178.92910315626688,False,8.669207558970824,True,False
1,1970-07-23 10:27:51.966265598,2025-09-12,2025-09-26 14:26:36.626,AH,C,3190144122,JASSM,3,128,76,2,2,1,225,9,2,0,1,26,0,0,0,0,-184320.61560233065,-4786925.807588424,4201885.347136021,-2.30145,-0.152823,0.128567,92.125,-14.125,-11.875,0.0,0.0,0.0,0.0,0.0,0.0,2,0,41.44585613602326,-92.20508508886824,10997.373687296567,99.84590155369,-0.0030524603589302,0.0043404492026773,,10022.661867135384,12264.339701119052,150,1,2025-09-12,2025-09-26 14:26:36.591,AH,C,1576144616,AMBUSH51,1,1,48,2,1,1,225,2,1,0,0,9,1,225,2,1,-149081.76219947488,-4791637.388272971,4197441.776338669,2.32681,2.89918,-0.223032,-113.169,28.6499,26.4709,-0.205831,-7.60291,7.15701,0.0462755,0.0106932,0.0100274,4,0,41.39513219027196,-91.78206331313962,9921.086594887818,-72.47099346892624,-0.4114574661178835,0.4973169676458323,195.807,10022.661867135384,12264.339701119052,150,True,19.267246837226327,False,172.27912129620427,178.89870494260202,False,8.605067146990038,True,False
1,1970-07-23 10:27:51.977283186,2025-09-12,2025-09-26 14:26:37.728,AH,C,3191456250,JASSM,3,128,76,2,2,1,225,9,2,0,1,26,0,0,0,0,-184219.29138358065,-4786941.424775924,4201872.089323521,-2.30145,-0.152823,0.128567,92.125,-14.125,-11.875,0.0,0.0,0.0,0.0,0.0,0.0,2,0,41.44569696232179,-92.20386692826,10997.375980397372,99.84670786757428,-0.0021255790073905,0.0043397675665397,,10022.661867135384,12264.339701119052,150,1,2025-09-12,2025-09-26 14:26:37.669,AH,C,1577417148,AMBUSH51,1,1,48,2,1,1,225,2,1,0,0,9,1,225,2,1,-149201.93268651247,-4791607.004559067,4197469.966167073,2.37512,2.89711,-0.228997,-113.393,28.4922,27.2282,-0.223043,-7.40477,6.96638,0.0443593,-0.000377628,0.00311153,4,0,41.39548098799305,-91.78351015727488,9916.701100386865,-72.14264495251945,-0.2628189492315591,3.236675414632619,196.296,10022.661867135384,12264.339701119052,150,True,19.144128008489396,False,172.10711611798226,178.86997993114386,False,8.785194678815582,True,False
1,1970-07-23 10:27:51.988312911,2025-09-12,2025-09-26 14:26:38.831,AH,C,3192768602,JASSM,3,128,76,2,2,1,225,9,2,0,1,26,0,0,0,0,-184117.95056326807,-4786957.041963424,4201858.827604771,-2.30145,-0.152823,0.128663,92.125,-14.125,-11.875,0.0,0.0,0.0,0.0,0.0,0.0,2,0,41.44553775316782,-92.20264857519376,10997.373708019106,99.8516050074243,-0.0048647696700204,0.0043388726511703,,10022.661867135384,12264.339701119052,150,1,2025-09-12,2025-09-26 14:26:38.656,AH,C,1578610146,AMBUSH51,1,1,48,2,1,1,225,2,1,0,0,9,1,225,2,1,-149315.99030826925,-4791578.007146493,4197497.34251539,2.41166,2.89352,-0.235209,-113.363,28.7782,27.9658,-0.122938,-7.34947,6.60437,0.04004,0.00226681,0.0104082,4,0,41.39581716267988,-91.78488347710288,9913.500711709226,-71.74637806382871,-0.1663830684286891,5.281259535409473,196.712,10022.661867135384,12264.339701119052,150,True,19.024390948067023,False,171.7658222276423,178.84153816213552,False,9.148023343185121,True,False
1,1970-07-23 10:27:51.998443347,2025-09-12,2025-09-26 14:26:39.844,AH,C,3194080952,JASSM,3,128,76,2,2,1,225,9,2,0,1,26,0,0,0,0,-184016.6097429556,-4786972.659150924,4201845.565886021,-2.30145,-0.152823,0.128663,92.125,-14.125,-11.875,0.0,0.0,0.0,0.0,0.0,0.0,2,0,41.44537853110673,-92.20143022808422,10997.376923960392,99.85241143969688,-0.0039377378287343,0.0043382603218567,,10022.661867135384,12264.339701119052,150,1,2025-09-12,2025-09-26 14:26:39.724,AH,C,1579882678,AMBUSH51,1,1,48,2,1,1,225,2,1,0,0,9,1,225,2,1,-149436.08198707504,-4791546.780887097,4197527.052075837,2.44903,2.88637,-0.242669,-113.216,29.5076,28.9166,-0.191443,-7.25682,6.75613,0.00790522,-0.012081,0.00385638,4,0,41.396181211517344,-91.78632972507178,9910.349791863367,-71.16343924885011,-0.165238306126216,7.323847343443259,196.932,10022.661867135384,12264.339701119052,150,True,18.901158989987906,False,171.2056245450927,178.80976913387565,False,9.741313788560992,True,False
1,1970-07-23 10:27:52.011402733,2025-09-12,2025-09-26 14:26:41.140,AH,C,3195393302,JASSM,3,128,76,2,2,1,225,9,2,0,1,26,0,0,0,0,-183915.26892264312,-4786988.272432174,4201832.302214146,-2.30145,-0.152823,0.128663,92.125,-14.125,-11.875,0.0,0.0,0.0,0.0,0.0,0.0,2,0,41.445219306214376,-92.20021188872606,10997.371787349566,99.85321786429036,-0.0030107090110954,0.0043376576400736,,10022.661867135384,12264.339701119052,150,1,2025-09-12,2025-09-26 14:26:41.057,AH,C,1581473344,AMBUSH51,1,1,48,2,1,1,225,2,1,0,0,9,1,225,2,1,-149586.70785106882,-4791506.202949681,4197566.044621624,2.45984,2.87781,-0.258205,-112.815,30.7166,30.294,-0.208397,-7.43227,6.85206,-0.0218618,-0.000100909,0.00608886,4,0,41.396657870456416,-91.78814424223158,9906.687043865202,-70.18971660165651,0.096631642228024,7.820733642214957,197.494,10022.661867135384,12264.339701119052,150,True,18.760522912336558,False,170.3237807062597,178.7670875467875,False,10.672030038780967,True,False
1,1970-07-23 10:27:52.020484321,2025-09-12,2025-09-26 14:26:42.048,AH,C,3196705654,JASSM,3,128,76,2,2,1,225,9,2,0,1,26,0,0,0,0,-183813.92810233065,-4787003.887666549,4201819.038542271,-2.30145,-0.152727,0.128663,92.125,-14.125,-11.875,0.0,0.0,0.0,0.0,0.0,0.0,2,0,41.44506005678978,-92.19899355442838,10997.376938794943,99.85038838925296,-0.0061405889078642,0.0036324858579691,,10022.661867135384,12264.339701119052,150,1,2025-09-12,2025-09-26 14:26:42.124,AH,C,1582745876,AMBUSH51,1,1,48,2,1,1,225,2,1,0,0,9,1,225,2,1,-149707.62500132155,-4791472.901169715,4197598.546771295,2.32326,2.86464,-0.269561,-112.655,31.3484,30.8128,0.0133227,-7.15027,6.62334,-0.178102,0.00514011,0.0185225,4,0,41.39705292417111,-91.789601163928,9904.571488225472,-69.2176699156018,0.0123623405740281,-0.2005195046162945,197.653,10022.661867135384,12264.339701119052,150,True,18.636547085078924,False,169.9410871027849,178.7296059412006,False,11.102145411858613,True,False
1,1970-07-23 10:27:52.031505294,2025-09-12,2025-09-26 14:26:43.150,AH,C,3198018004,JASSM,3,128,76,2,2,1,225,9,2,0,1,26,0,0,0,0,-183712.58728201807,-4787019.498994674,4201805.772917271,-2.30145,-0.152727,0.128663,92.125,-14.125,-11.875,0.0,0.0,0.0,0.0,0.0,0.0,2,0,41.44490080453407,-92.19777522788122,10997.373737636264,99.85119480031956,-0.005213560475572,0.0036318226077789,,10022.661867135384,12264.339701119052,150,1,2025-09-12,2025-09-26 14:26:43.256,AH,C,1584097940,AMBUSH51,1,1,48,2,1,1,225,2,1,0,0,9,1,225,2,1,-149834.73256965613,-4791437.648726818,4197633.09282709,2.16128,2.86795,-0.263895,-113.099,30.9642,30.4232,-0.114771,-7.04758,6.55184,-0.0994556,0.00540851,-0.0168143,4,0,41.397472209940055,-91.7911327846568,9902.57667856446,-69.58044105590938,-0.0757838853956256,-9.43073023836886,198.288,10022.661867135384,12264.339701119052,150,True,18.509038673906527,False,170.257590544572,178.68893278971723,False,10.83160119604323,True,False
1,1970-07-23 10:27:52.042267028,2025-09-12,2025-09-26 14:26:44.226,AH,C,3199270704,JASSM,3,128,76,2,2,1,225,9,2,0,1,26,0,0,0,0,-183615.85290701807,-4787034.401338424,4201793.108854771,-2.30145,-0.152727,0.128663,92.125,-14.0,-11.875,0.0,0.0,0.0,0.0,0.0,0.0,2,0,41.44474876568623,-92.19661228561696,10997.374248513155,99.85196455011932,-0.0043286675825015,0.0036311763326055,,10022.661867135384,12264.339701119052,150,1,2025-09-12,2025-09-26 14:26:44.157,AH,C,1585171640,AMBUSH51,1,1,48,2,1,1,225,2,1,0,0,9,1,225,2,1,-149936.97272218755,-4791410.081433214,4197659.690373917,2.14075,2.8767,-0.246923,-113.818,30.4378,29.1682,-0.080609,-6.91855,6.25688,0.0478984,0.0028577,-0.0210109,4,0,41.39779672917513,-91.79236447779746,9900.3367207073,-70.62220271139303,-0.3868552092055858,-10.476440204970448,198.765,10022.661867135384,12264.339701119052,150,False,18.398268792664737,False,170.9002654258268,178.7293069674598,False,10.191540560903732,True,False
1,1970-07-23 10:27:52.053395576,2025-09-12,2025-09-26 14:26:45.339,AH,C,3200583054,JASSM,3,128,76,2,2,1,225,9,2,0,1,26,0,0,0,0,-183514.5120867056,-4787050.010713424,4201779.841276646,-2.30145,-0.152727,0.128663,92.125,-14.0,-11.875,0.0,0.0,0.0,0.0,0.0,0.0,2,0,41.44458948665427,-92.19539397161084,10997.3727333295,99.8527709479022,-0.0034016394958626,0.0036305113439346,,10022.661867135384,12264.339701119052,150,1,2025-09-12,2025-09-26 14:26:45.190,AH,C,1586404404,AMBUSH51,1,1,48,2,1,1,225,2,1,0,0,9,1,225,2,1,-150055.65087440348,-4791378.509221236,4197689.47003749,2.23759,2.88802,-0.239265,-114.485,29.7904,28.2657,-0.291397,-7.30663,6.61963,0.100993,0.00235419,-0.00841705,4,0,41.39816347888304,-91.79379405631516,9896.421475754309,-71.37376275494208,-0.225012741497525,-4.767791230734972,199.07,10022.661867135384,12264.339701119052,150,True,18.27579813587576,False,171.4971064383626,178.69239140394808,False,9.640547174719222,True,False
1,1970-07-23 10:27:52.064302265,2025-09-12,2025-09-26 14:26:46.430,AH,C,3201835754,JASSM,3,128,76,2,2,1,225,9,2,0,1,26,0,0,0,0,-183417.77673514312,-4787064.911104049,4201767.175261021,-2.30145,-0.152727,0.128663,92.125,-14.0,-11.875,0.0,0.0,0.0,0.0,0.0,0.0,2,0,41.44443742239984,-92.1942310296883,10997.374350650036,99.85354069271855,-0.002516738369144,0.0036298650512759,,10022.661867135384,12264.339701119052,150,1,2025-09-12,2025-09-26 14:26:46.257,AH,C,1587676936,AMBUSH51,1,1,48,2,1,1,225,2,1,0,0,9,1,225,2,1,-150177.1850468642,-4791346.94884757,4197719.205673272,2.32529,2.89113,-0.242045,-114.805,29.4109,28.2728,-0.054172,-7.5306,6.85943,0.0691018,0.0103416,0.00630732,4,0,41.398529310799695,-91.79525776628608,9892.66822577318,-71.37596859702678,0.0112394413691354,0.2994300931996389,199.327,10022.661867135384,12264.339701119052,150,True,18.154352533382205,False,171.65681223976839,178.65575256575886,False,9.511264447584344,True,False
1,1970-07-23 10:27:52.075422362,2025-09-12,2025-09-26 14:26:47.542,AH,C,3203207758,JASSM,3,128,76,2,2,1,225,9,2,0,1,26,0,0,0,0,-183311.82946951807,-4787081.227510299,4201753.302214146,-2.30145,-0.152727,0.128663,92.125,-14.0,-11.875,0.0,0.0,0.0,0.0,0.0,0.0,2,0,41.44427087536896,-92.19295735069932,10997.372793446864,99.85438373111936,-0.0015475728045759,0.0036291683120903,,10022.661867135384,12264.339701119052,150,1,2025-09-12,2025-09-26 14:26:47.675,AH,C,1589347136,AMBUSH51,1,1,48,2,1,1,225,2,1,0,0,9,1,225,2,1,-150337.9723003507,-4791305.67575758,4197758.810903833,2.40005,2.88734,-0.247481,-114.801,29.6498,28.9183,-0.0573071,-7.18941,6.56444,0.0300885,0.00946151,0.00238124,4,0,41.39901220435864,-91.79719407084892,9889.47441431699,-71.00552578432021,0.0706392991098588,4.530447276334788,199.816,10022.661867135384,12264.339701119052,150,True,18.005792765282568,False,171.3704908007864,178.60788671240505,False,9.840857778995623,True,False
1,1970-07-23 10:27:52.085463000,2025-09-12,2025-09-26 14:26:48.546,AH,C,3204460456,JASSM,3,128,76,2,2,1,225,9,2,0,1,26,0,0,0,0,-183215.09509451807,-4787096.123994674,4201740.636198521,-2.30145,-0.152727,0.128759,92.125,-14.0,-11.875,0.0,0.0,0.0,0.0,0.0,0.0,2,0,41.444118809503486,-92.19179443361382,10997.375380736225,99.8592442012144,-0.0043288572131126,0.003628364696072,,10022.661867135384,12264.339701119052,150,1,2025-09-12,2025-09-26 14:26:48.689,AH,C,1590579900,AMBUSH51,1,1,48,2,1,1,225,2,1,0,0,9,1,225,2,1,-150457.29782556478,-4791274.312975917,4197789.110872724,2.44707,2.88188,-0.259375,-114.585,30.2159,29.8186,-0.198598,-7.53374,6.8926,0.0740473,0.00927841,0.020006,4,0,41.39938104016433,-91.79863136011268,9887.28085221118,-70.30177758676385,0.3154469538335466,7.148876086531594,199.999,10022.661867135384,12264.339701119052,150,True,17.88551585860333,False,170.87127884708656,178.56908941986404,False,10.375979349987317,True,False
1,1970-07-23 10:27:52.096480527,2025-09-12,2025-09-26 14:26:49.648,AH,C,3205772808,JASSM,3,128,76,2,2,1,225,9,2,0,1,26,0,0,0,0,-183113.75329764312,-4787111.729463424,4201727.362761021,-2.30145,-0.152727,0.128759,92.125,-14.0,-11.875,0.0,0.0,0.0,0.0,0.0,0.0,2,0,41.44395946338064,-92.19057613329228,10997.373153848546,99.86005057989468,-0.0034018189319783,0.0036277511515371,,10022.661867135384,12264.339701119052,150,1,2025-09-12,2025-09-26 14:26:49.623,AH,C,1591693366,AMBUSH51,1,1,48,2,1,1,225,2,1,0,0,9,1,225,2,1,-150563.28938252648,-4791245.785416998,4197817.117091339,2.51076,2.87345,-0.264834,-114.166,30.9076,31.0433,-0.244682,-7.31595,6.67107,0.0627081,-0.00223352,0.0154661,4,0,41.39972000022202,-91.79990830542576,9886.06226773882,-69.75527064153185,0.1895334732689109,10.675127879005354,200.182,10022.661867135384,12264.339701119052,150,False,17.770120601262803,False,170.19415806322826,178.53156069306968,False,11.084227659127706,True,False
1,1970-07-23 10:27:52.107781602,2025-09-12,2025-09-26 14:26:50.778,AH,C,3207085158,JASSM,3,128,76,2,2,1,225,9,2,0,1,26,0,0,0,0,-183012.41247733065,-4787127.332979049,4201714.089323521,-2.30145,-0.152631,0.128759,92.125,-14.0,-12.0,0.0,0.0,0.0,0.0,0.0,0.0,2,0,41.443800115754826,-92.18935785149549,10997.371707236878,99.85722114542618,-0.0065316979718274,0.0029220919818887,,10022.661867135384,12264.339701119052,150,1,2025-09-12,2025-09-26 14:26:50.790,AH,C,1593085198,AMBUSH51,1,1,48,2,1,1,225,2,1,0,0,9,1,225,2,1,-150696.03675233253,-4791208.155055287,4197853.919506975,2.5677,2.85553,-0.277554,-113.334,33.0046,32.4037,-0.255588,-7.45492,6.6705,0.0308209,0.0131171,0.0205844,4,0,41.40016747179856,-91.80150832785208,9883.61403584877,-68.54749118777008,-0.0288373156588313,13.664448194112198,200.256,10022.661867135384,12264.339701119052,150,False,17.639398140380553,False,169.06629230993687,178.45421347967863,False,12.34305960711182,True,False
1,1970-07-23 10:27:52.118261220,2025-09-12,2025-09-26 14:26:51.826,AH,C,3208337858,JASSM,3,128,76,2,2,1,225,9,2,0,1,26,0,0,0,0,-182915.67712576807,-4787142.227510299,4201701.419401646,-2.30145,-0.152631,0.128759,92.125,-14.0,-12.0,0.0,0.0,0.0,0.0,0.0,0.0,2,0,41.44364799898853,-92.1881949404427,10997.376398691998,99.85799085783356,-0.0056468001574898,0.0029214605372038,,10022.661867135384,12264.339701119052,150,1,2025-09-12,2025-09-26 14:26:52.023,AH,C,1594556562,AMBUSH51,1,1,48,2,1,1,225,2,1,0,0,9,1,225,2,1,-150835.25006505995,-4791166.329634145,4197894.88184776,2.56853,2.83834,-0.294421,-112.296,34.6031,34.4953,-0.139273,-7.34172,6.55171,-0.0694492,0.0066423,0.021427,4,0,41.4006667483152,-91.8031871975819,9880.383902227408,-67.1973886206747,-0.045250192910363,13.432894924187393,200.415,10022.661867135384,12264.339701119052,150,False,17.507251421948077,False,167.74459715768958,178.3940169596486,False,13.722998163046848,True,False
1,1970-07-23 10:27:52.131421064,2025-09-12,2025-09-26 14:26:53.142,AH,C,3209590820,JASSM,3,128,76,2,2,1,225,9,2,0,1,26,0,0,0,0,-182818.9222429556,-4787157.122041549,4201688.745573521,-2.30145,-0.152631,0.128759,92.125,-14.0,-12.0,0.0,0.0,0.0,0.0,0.0,0.0,2,0,41.44349584855173,-92.18703180140048,10997.375775338343,99.8587607188179,-0.0047617261772061,0.0029208374188311,,10022.661867135384,12264.339701119052,150,1,2025-09-12,2025-09-26 14:26:53.157,AH,C,1595908628,AMBUSH51,1,1,48,2,1,1,225,2,1,0,0,9,1,225,2,1,-150963.32975535162,-4791125.43485845,4197935.117411827,2.44373,2.82281,-0.306359,-111.524,36.0086,35.9726,-0.0648061,-7.63341,6.74632,-0.0984402,-0.000935227,0.020859,4,0,41.40115764493209,-91.8047327312465,9877.014799458091,-66.11624544804064,-0.1828776361942835,6.017165726826885,200.561,10022.661867135384,12264.339701119052,150,True,17.3811222344801,False,166.72763856811656,178.33145368754188,False,14.807323003375105,True,False
1,1970-07-23 10:27:52.140308236,2025-09-12,2025-09-26 14:26:54.030,AH,C,3210902908,JASSM,3,128,76,2,2,1,225,9,2,0,1,26,0,0,0,0,-182717.60095389312,-4787172.719697799,4201675.472136021,-2.30145,-0.152631,0.128759,92.125,-14.0,-12.0,0.0,0.0,0.0,0.0,0.0,0.0,2,0,41.44333649381866,-92.18581377304356,10997.377728017518,99.85956690756905,-0.0038348786454593,0.0029201741606704,,10022.661867135384,12264.339701119052,150,1,2025-09-12,2025-09-26 14:26:54.022,AH,C,1596942560,AMBUSH51,1,1,48,2,1,1,225,2,1,0,0,9,1,225,2,1,-151058.96985999923,-4791094.486287086,4197966.184864301,2.34199,2.82359,-0.307457,-111.355,36.0466,36.6668,-0.0407333,-7.57463,6.53397,-0.12626,0.00185485,0.00094355,4,0,41.40153354665108,-91.80588698792336,9875.712266088663,-66.10120341573267,-0.1076685201724188,0.2010747328692181,200.671,10022.661867135384,12264.339701119052,150,True,17.270926145948966,False,166.45989183084419,178.28084567436466,False,15.118948348848216,True,False
1,1970-07-23 10:27:52.152580453,2025-09-12,2025-09-26 14:26:55.258,AH,C,3212155606,JASSM,3,128,76,2,2,1,225,9,2,0,1,26,0,0,0,0,-182620.86560233065,-4787187.610322799,4201662.796354771,-2.30145,-0.152631,0.128759,92.125,-14.0,-12.0,0.0,0.0,0.0,0.0,0.0,0.0,2,0,41.44318432493939,-92.1846508803299,10997.375336275349,99.86033660075522,-0.0029499792897018,0.0029195263139672,,10022.661867135384,12264.339701119052,150,1,2025-09-12,2025-09-26 14:26:55.256,AH,C,1598413926,AMBUSH51,1,1,48,2,1,1,225,2,1,0,0,9,1,225,2,1,-151197.57156654805,-4791049.598089671,4198011.681367587,2.26272,2.82681,-0.304573,-111.513,35.8492,36.4495,-0.149261,-7.46777,6.53963,-0.0370294,0.00357966,-0.00413518,4,0,41.40208170290206,-91.80755977550974,9874.769911641057,-66.34341721917647,-0.0943771041984874,-4.284384589614079,200.671,10022.661867135384,12264.339701119052,150,True,17.13869143275613,False,166.61520552733782,178.2086675869173,False,15.040229207419147,True,False
1,1970-07-23 10:27:52.161786589,2025-09-12,2025-09-26 14:26:56.178,AH,C,3213467956,JASSM,3,128,76,2,2,1,225,9,2,0,1,26,0,0,0,0,-182519.52478201807,-4787203.207979049,4201649.519011021,-2.30145,-0.152631,0.128759,92.125,-14.0,-12.0,0.0,0.0,0.0,0.0,0.0,0.0,2,0,41.44302492307115,-92.18343263020404,10997.377700453668,99.86114293130385,-0.0020229555640184,0.0029188713305802,,10022.661867135384,12264.339701119052,150,1,2025-09-12,2025-09-26 14:26:56.190,AH,C,1599527392,AMBUSH51,1,1,48,2,1,1,225,2,1,0,0,9,1,225,2,1,-151300.4116098258,-4791016.657408536,4198045.1357798735,2.24415,2.83361,-0.298963,-111.664,35.5483,35.8824,-0.106588,-7.4149,6.5656,-0.00908492,0.000248631,-0.000997645,4,0,41.402484187983255,-91.80880083499302,9874.31976610316,-66.83358950975664,-0.0480618889215321,-5.232325131519391,200.635,10022.661867135384,12264.339701119052,150,True,17.024429588600068,False,166.9113724218797,178.15310700807944,False,14.806188180687784,True,False
1,1970-07-23 10:27:52.173480881,2025-09-12,2025-09-26 14:26:57.348,AH,C,3214780308,JASSM,3,128,76,2,2,1,225,9,2,0,1,26,0,0,0,0,-182418.18298514312,-4787218.803682174,4201636.239714146,-2.30145,-0.152631,0.128759,92.125,-14.0,-12.0,0.0,0.0,0.0,0.0,0.0,0.0,2,0,41.442865506968985,-92.18221437526,10997.376420233417,99.86194926249011,-0.0010959236227587,0.0029182163725374,,10022.661867135384,12264.339701119052,150,1,2025-09-12,2025-09-26 14:26:57.223,AH,C,1600760156,AMBUSH51,1,1,48,2,1,1,225,2,1,0,0,9,1,225,2,1,-151416.1692781702,-4790980.056324573,4198082.171729434,2.27656,2.83796,-0.293094,-111.836,35.1208,35.4448,-0.123041,-7.49074,6.32921,0.0427157,0.000837439,0.00903914,4,0,41.40293018404103,-91.8101976207841,9873.648134495968,-67.24253980453221,-0.1071729048767113,-3.3018731378422927,200.488,10022.661867135384,12264.339701119052,150,True,16.90288148470466,False,167.2047106081567,178.09155155260729,False,14.57697560511544,True,False
1,1970-07-23 10:27:52.183262272,2025-09-12,2025-09-26 14:26:58.326,AH,C,3216092660,JASSM,3,128,76,2,2,1,225,9,2,0,1,26,0,0,0,0,-182316.84118826807,-4787234.399385299,4201622.958464146,-2.30145,-0.152631,0.128854,92.125,-14.0,-12.0,0.0,0.0,0.0,0.0,0.0,0.0,2,0,41.44270606478624,-92.18099612627944,10997.376387151298,99.86684637925624,-0.0038350103400347,0.0029174054493102,,10022.661867135384,12264.339701119052,150,1,2025-09-12,2025-09-26 14:26:58.423,AH,C,1602191754,AMBUSH51,1,1,48,2,1,1,225,2,1,0,0,9,1,225,2,1,-151551.34687001095,-4790937.921160379,4198124.844211675,2.37858,2.83811,-0.293408,-111.888,34.8026,35.5152,-0.222053,-7.27071,6.35675,0.114987,-0.00197761,0.00220023,4,0,41.40344348058029,-91.81182853156264,9873.114014859071,-67.23610375642701,-0.0876871843501309,2.5460014329008063,200.305,10022.661867135384,12264.339701119052,150,True,16.770361613877725,False,167.27875731337053,178.02089692534338,False,14.57020671544912,True,False
1,1970-07-23 10:27:52.194285107,2025-09-12,2025-09-26 14:26:59.428,AH,C,3217345418,JASSM,3,128,76,2,2,1,225,9,2,0,1,26,0,0,0,0,-182220.10095389312,-4787249.284150924,4201610.280729771,-2.30145,-0.152535,0.128854,92.125,-14.0,-12.0,0.0,0.0,0.0,0.0,0.0,0.0,2,0,41.44255386999903,-92.17983320039052,10997.37561488075,99.86398038192262,-0.0070069744495927,0.0022113028813929,,10022.661867135384,12264.339701119052,150,1,2025-09-12,2025-09-26 14:26:59.457,AH,C,1603424520,AMBUSH51,1,1,48,2,1,1,225,2,1,0,0,9,1,225,2,1,-151665.50394169765,-4790901.799725232,4198161.205532882,2.45558,2.83764,-0.300754,-111.4,35.4639,35.9449,-0.19042,-7.59037,6.63549,0.0672459,0.00837335,0.01722,4,0,41.40388233380684,-91.81320605452572,9872.051597705153,-66.91517870611108,0.1858811693783588,6.950060291397137,200.048,10022.661867135384,12264.339701119052,150,True,16.652300275312747,False,166.863406116512,177.95822155078594,False,15.056056986617477,True,False
1,1970-07-23 10:27:52.205302100,2025-09-12,2025-09-26 14:27:00.530,AH,C,3218657708,JASSM,3,128,76,2,2,1,225,9,2,0,1,26,0,0,0,0,-182118.76403983065,-4787264.877900924,4201596.997526646,-2.30145,-0.152535,0.128854,92.125,-14.0,-12.0,0.0,0.0,0.0,0.0,0.0,0.0,2,0,41.4423943999365,-92.17861502231142,10997.3777246045,99.86478665478484,-0.0060799834688743,0.0022106319340765,,10022.661867135384,12264.339701119052,150,1,2025-09-12,2025-09-26 14:27:00.523,AH,C,1604697052,AMBUSH51,1,1,48,2,1,1,225,2,1,0,0,9,1,225,2,1,-151785.04994517934,-4790863.26237081,4198200.399432088,2.51874,2.82623,-0.313961,-110.637,36.1423,37.1853,-0.457454,-7.51402,6.63633,0.0205927,0.00353389,0.00492789,4,0,41.4043536484712,-91.81464889429184,9871.621220131194,-65.93874358575984,0.2617902463132026,10.374918417337382,199.852,10022.661867135384,12264.339701119052,150,False,16.528562136885924,False,166.123254222353,177.8893093293222,False,15.86092390409625,True,False
1,1970-07-23 10:27:52.216321161,2025-09-12,2025-09-26 14:27:01.632,AH,C,3219910544,JASSM,3,128,76,2,2,1,225,9,2,0,1,26,0,0,0,0,-182022.01892264312,-4787279.760713424,4201584.315886021,-2.30145,-0.152535,0.128854,92.125,-14.0,-12.0,0.0,0.0,0.0,0.0,0.0,0.0,2,0,41.44224216745043,-92.17745205008436,10997.373453812035,99.86555638628668,-0.0051950019673577,0.0022100144178008,,10022.661867135384,12264.339701119052,150,1,2025-09-12,2025-09-26 14:27:01.522,AH,C,1605890050,AMBUSH51,1,1,48,2,1,1,225,2,1,0,0,9,1,225,2,1,-151895.340591278,-4790826.413513038,4198237.930782633,2.55813,2.81211,-0.320793,-109.771,37.3283,38.3027,-0.062994,-7.28341,6.22302,0.164905,-0.00543139,0.013631,4,0,41.40480542289852,-91.81598053725428,9871.023442171258,-65.12396233984194,-0.0169830711546015,12.380866114606247,199.706,10022.661867135384,12264.339701119052,150,False,16.412482020195988,False,165.26369555666616,177.82106145441418,False,16.794984805175893,True,False
1,1970-07-23 10:27:52.226463120,2025-09-12,2025-09-26 14:27:02.646,AH,C,3221282410,JASSM,3,128,76,2,2,1,225,9,2,0,1,26,0,0,0,0,-181916.08044608065,-4787296.059541549,4201570.429167271,-2.30145,-0.152535,0.128854,92.125,-14.0,-12.0,0.0,0.0,0.0,0.0,0.0,0.0,2,0,41.44207544500963,-92.17617857000216,10997.378854291488,99.86639925648724,-0.0042259212993883,0.0022093280946559,,10022.661867135384,12264.339701119052,150,1,2025-09-12,2025-09-26 14:27:02.523,AH,C,1607083050,AMBUSH51,1,1,48,2,1,1,225,2,1,0,0,9,1,225,2,1,-152004.50962531287,-4790787.819624375,4198276.893157601,2.69103,2.80367,-0.330041,-108.529,39.3401,39.7893,-0.50883,-7.463,6.56735,0.0731756,0.00619081,0.0264704,4,0,41.40527743506277,-91.81729945973436,9869.158960176082,-64.42546751519691,0.0256538892816298,19.8413132114998,199.632,10022.661867135384,12264.339701119052,150,False,16.29179057967167,False,163.98072204744798,177.74645184712452,False,18.165546036414142,True,False
1,1970-07-23 10:27:52.237485578,2025-09-12,2025-09-26 14:27:03.748,AH,C,3222535110,JASSM,3,128,76,2,2,1,225,9,2,0,1,26,0,0,0,0,-181819.34509451807,-4787310.938447799,4201557.745573521,-2.30145,-0.152535,0.128854,92.125,-14.0,-12.0,0.0,0.0,0.0,0.0,0.0,0.0,2,0,41.44192319575204,-92.17501572764712,10997.3721325042,99.8671688971591,-0.003341028600676,0.0022087030138645,,10022.661867135384,12264.339701119052,150,1,2025-09-12,2025-09-26 14:27:03.856,AH,C,1608673714,AMBUSH51,1,1,48,2,1,1,225,2,1,0,0,9,1,225,2,1,-152147.05504270224,-4790733.4555666,4198331.1786312405,2.73587,2.76296,-0.364159,-106.164,42.5918,42.5984,-0.191019,-8.12696,6.96393,0.00231258,0.0239986,0.0423099,4,0,41.4059403825733,-91.81902315378642,9864.371411589327,-61.494170928084905,-0.1551781411455789,21.61317941791577,199.559,10022.661867135384,12264.339701119052,150,False,16.15659722557533,False,161.69510466622708,177.64087152660468,False,20.56894823754966,True,False
1,1970-07-23 10:27:52.248252293,2025-09-12,2025-09-26 14:27:04.825,AH,C,3223847460,JASSM,3,128,76,2,2,1,225,9,2,0,1,26,0,0,0,0,-181718.00329764312,-4787326.526338424,4201544.458464146,-2.30145,-0.152535,0.128854,92.125,-14.0,-12.0,0.0,0.0,0.0,0.0,0.0,0.0,2,0,41.44176368428828,-92.1737975174656,10997.372606882902,99.86797518117288,-0.0024139980363369,0.0022080485099979,,10022.661867135384,12264.339701119052,150,1,2025-09-12,2025-09-26 14:27:04.857,AH,C,1609866714,AMBUSH51,1,1,48,2,1,1,225,2,1,0,0,9,1,225,2,1,-152252.39508501647,-4790690.033129574,4198375.16036706,2.67857,2.74768,-0.386759,-104.296,44.4219,45.3088,-0.143463,-8.09533,7.05628,-0.117184,0.0205074,0.0256132,4,0,41.40647569233245,-91.82029820758082,9861.241290215256,-60.005497118978354,0.1936458155325963,18.009605342576624,199.449,10022.661867135384,12264.339701119052,150,False,16.039951382865006,False,159.9385584915061,177.5498526291905,False,22.41152006958333,True,False
1,1970-07-23 10:27:52.259280657,2025-09-12,2025-09-26 14:27:05.928,AH,C,3225159812,JASSM,3,128,76,2,2,1,225,9,2,0,1,26,0,0,0,0,-181616.66150076807,-4787342.114229049,4201531.171354771,-2.30135,-0.152535,0.128854,92.125,-14.0,-12.0,0.0,0.0,0.0,0.0,0.0,0.0,2,0,41.44160415992065,-92.17257931325084,10997.378569575045,99.86878145868442,-0.0014869674464927,0.0077125264277557,,10022.661867135384,12264.339701119052,150,1,2025-09-12,2025-09-26 14:27:05.889,AH,C,1611099478,AMBUSH51,1,1,48,2,1,1,225,2,1,0,0,9,1,225,2,1,-152359.4640307834,-4790643.830064978,4198423.221073369,2.56882,2.72822,-0.411054,-102.804,45.1041,47.7949,-0.114691,-7.94923,7.00636,-0.131821,0.00672968,0.0155514,4,0,41.40705473754932,-91.82159499594331,9860.266362075125,-58.29842586654297,0.4723184229933562,11.298057354792324,199.412,10022.661867135384,12264.339701119052,150,False,15.92203794139772,False,158.63673214488912,177.4491934869902,False,23.799280841552157,True,False
1,1970-07-23 10:27:52.270984226,2025-09-12,2025-09-26 14:27:07.098,AH,C,3226472332,JASSM,3,128,76,2,2,1,225,9,2,0,1,26,0,0,0,0,-181515.30700858065,-4787357.700166549,4201517.880339146,-2.30135,-0.152535,0.128854,92.125,-14.0,-12.0,0.0,0.0,0.0,0.0,0.0,0.0,2,0,41.44144461078717,-92.17136096416785,10997.375555288936,99.86958782952432,-0.0005598234000996,0.0077118795196291,,10022.661867135384,12264.339701119052,150,1,2025-09-12,2025-09-26 14:27:07.256,AH,C,1612729910,AMBUSH51,1,1,48,2,1,1,225,2,1,0,0,9,1,225,2,1,-152500.21591151017,-4790581.986802595,4198489.740228052,2.27744,2.72547,-0.420994,-102.174,45.0291,48.7935,-0.055562,-7.66081,6.78735,-0.175277,0.00405404,0.00330294,4,0,41.40784503607206,-91.82330019789626,9863.524730470665,-57.79994863911254,0.7828376568016768,-5.4545978494789775,199.119,10022.661867135384,12264.339701119052,150,True,15.78432956048561,False,158.1884662370322,177.3120475700489,False,24.37830631739025,True,False
1,1970-07-23 10:27:52.281906920,2025-09-12,2025-09-26 14:27:08.190,AH,C,3227784514,JASSM,3,128,76,2,2,1,225,9,2,0,1,26,0,0,0,0,-181413.97790701807,-4787373.282197799,4201504.591276646,-2.30135,-0.152439,0.12895,92.125,-14.0,-12.0,0.0,0.0,0.0,0.0,0.0,0.0,2,0,41.4412850794457,-92.1701429262642,10997.375036149915,99.87084922210504,-0.0073558756777016,0.0070050714297482,,10022.661867135384,12264.339701119052,150,1,2025-09-12,2025-09-26 14:27:08.056,AH,C,1613684310,AMBUSH51,1,1,48,2,1,1,225,2,1,0,0,9,1,225,2,1,-152582.3795202449,-4790546.473784513,4198528.547945655,2.16526,2.73337,-0.409245,-102.715,44.3823,48.0734,-0.147155,-7.43425,6.57667,-0.103296,0.0100607,-0.0216538,4,0,41.4083027086019,-91.82429540102969,9866.82999736371,-58.56648069165059,0.5889073953405103,-11.708847247263945,199.107,10022.661867135384,12264.339701119052,150,False,15.680924344426684,False,158.7083463683208,177.22737357655325,False,23.94527645845671,True,False
1,1970-07-23 10:27:52.291466973,2025-09-12,2025-09-26 14:27:09.146,AH,C,3229037212,JASSM,3,128,76,2,2,1,225,9,2,0,1,26,0,0,0,0,-181317.24157889312,-4787388.157197799,4201491.903776646,-2.30135,-0.152439,0.12895,92.125,-14.0,-12.0,0.0,0.0,0.0,0.0,0.0,0.0,2,0,41.44113276627966,-92.16898010222796,10997.376097130473,99.8716188386609,-0.0064709750461753,0.0070044515789489,,10022.661867135384,12264.339701119052,150,1,2025-09-12,2025-09-26 14:27:09.223,AH,C,1615076142,AMBUSH51,1,1,48,2,1,1,225,2,1,0,0,9,1,225,2,1,-152702.12469370858,-4790495.527342898,4198583.539409065,2.12289,2.74686,-0.3869,-103.862,43.3407,46.3308,-0.0321467,-7.27238,6.53783,0.0224569,0.00298045,-0.0166396,4,0,41.40895430781123,-91.82574552510656,9870.24828286727,-59.9721670619208,0.1733873312842811,-13.846308986683397,198.924,10022.661867135384,12264.339701119052,150,False,15.558322383077419,False,159.79726919530063,177.11005632528955,False,22.982951728300858,True,False
1,1970-07-23 10:27:52.303386963,2025-09-12,2025-09-26 14:27:10.338,AH,C,3230289912,JASSM,3,128,76,2,2,1,225,9,2,0,1,26,0,0,0,0,-181220.50622733065,-4787403.030244674,4201479.214323521,-2.30135,-0.152439,0.12895,92.125,-14.0,-12.0,0.0,0.0,0.0,0.0,0.0,0.0,2,0,41.4409804395851,-92.16781729618454,10997.373208545416,99.87238844098162,-0.0055860833596095,0.0070038283243995,,10022.661867135384,12264.339701119052,150,1,2025-09-12,2025-09-26 14:27:10.456,AH,C,1616547506,AMBUSH51,1,1,48,2,1,1,225,2,1,0,0,9,1,225,2,1,-152831.31113192698,-4790442.747131159,4198639.803597431,2.25763,2.76778,-0.369566,-104.813,42.1455,44.7587,-0.211801,-7.73201,6.91056,0.223243,0.0126074,-0.0183581,4,0,41.40962359749866,-91.82730918348344,9872.669554935675,-61.46340351207917,0.2533109355654767,-5.68937864375028,198.85,10022.661867135384,12264.339701119052,150,True,15.430593882525109,False,160.8254971566752,176.98886353027981,False,22.081181772297583,True,False
1,1970-07-23 10:27:52.314201185,2025-09-12,2025-09-26 14:27:11.420,AH,C,3231542768,JASSM,3,128,76,2,2,1,225,9,2,0,1,26,0,0,0,0,-181123.7581804556,-4787417.905244674,4201466.522917271,-2.30135,-0.152439,0.12895,92.125,-14.0,-12.0,0.0,0.0,0.0,0.0,0.0,0.0,2,0,41.44082807919163,-92.16665434297616,10997.374699367409,99.8731581383759,-0.0047010751839134,0.0070032030232187,,10022.661867135384,12264.339701119052,150,1,2025-09-12,2025-09-26 14:27:11.591,AH,C,1617899572,AMBUSH51,1,1,48,2,1,1,225,2,1,0,0,9,1,225,2,1,-152949.55027754043,-4790395.405349324,4198690.063497553,2.45218,2.77315,-0.372776,-104.839,41.8076,45.05,-0.465537,-7.74402,6.99219,0.107093,0.0171368,0.0219742,4,0,41.41022206043778,-91.82873999640071,9874.58793099332,-61.53720587105383,0.587558473235237,5.5691388867678056,198.252,10022.661867135384,12264.339701119052,150,True,15.309374215802043,False,160.82512445506313,176.8779591311913,False,22.186722891976505,True,False
1,1970-07-23 10:27:52.325259127,2025-09-12,2025-09-26 14:27:12.525,AH,C,3232854962,JASSM,3,128,76,2,2,1,225,9,2,0,1,26,0,0,0,0,-181022.42810233065,-4787433.481416549,4201453.229948521,-2.30135,-0.152439,0.12895,92.125,-14.0,-12.0,0.0,0.0,0.0,0.0,0.0,0.0,2,0,41.440668506744586,-92.1654363191092,10997.372409059348,99.8739642816376,-0.003774156516596,0.0070025640354499,,10022.661867135384,12264.339701119052,150,1,2025-09-12,2025-09-26 14:27:12.722,AH,C,1619251636,AMBUSH51,1,1,48,2,1,1,225,2,1,0,0,9,1,225,2,1,-153068.5931266651,-4790347.230096066,4198741.919304114,2.58238,2.75346,-0.391499,-103.956,42.4793,46.5121,-0.38358,-7.56655,6.83789,0.0820243,0.00573724,0.00705218,4,0,41.41083608350789,-91.83018075656187,9877.992632264484,-60.03945296903573,0.610691459962904,12.623759319434289,198.325,10022.661867135384,12264.339701119052,150,False,15.18515226623589,False,159.97803447608575,176.76156881141037,False,23.14511026838342,True,False
1,1970-07-23 10:27:52.334300947,2025-09-12,2025-09-26 14:27:13.430,AH,C,3234107662,JASSM,3,128,76,2,2,1,225,9,2,0,1,26,0,0,0,0,-180925.69372733065,-4787448.352510299,4201440.538542271,-2.30135,-0.152439,0.12895,92.125,-14.0,-12.0,0.0,0.0,0.0,0.0,0.0,0.0,2,0,41.440516142448885,-92.16427354219486,10997.3758102385,99.87473385758688,-0.002889273726198,0.0070019372849943,,10022.661867135384,12264.339701119052,150,1,2025-09-12,2025-09-26 14:27:13.523,AH,C,1620206036,AMBUSH51,1,1,48,2,1,1,225,2,1,0,0,9,1,225,2,1,-153151.2764553882,-4790312.722577374,4198779.301142671,2.61026,2.74679,-0.396845,-103.048,43.5207,47.6807,-0.30132,-7.31572,6.85027,0.0213063,0.00294508,0.0219035,4,0,41.41127798983817,-91.83118187764128,9880.750546886962,-59.57357409578847,0.581740540608065,14.079110859606226,198.325,10022.661867135384,12264.339701119052,150,False,15.084352891766889,False,159.12694750411097,176.67287335182544,False,24.08806669249665,True,False
1,1970-07-23 10:27:52.345319945,2025-09-12,2025-09-26 14:27:14.531,AH,C,3235420012,JASSM,3,128,76,2,2,1,225,9,2,0,1,26,0,0,0,0,-180824.34997733065,-4787463.928682174,4201427.241667271,-2.30135,-0.152439,0.12895,92.125,-14.0,-12.0,0.0,0.0,0.0,0.0,0.0,0.0,2,0,41.44035652150837,-92.16305536660366,10997.374493923386,99.87554009627428,-0.0019622303467205,0.0070012962738929,,10022.661867135384,12264.339701119052,150,1,2025-09-12,2025-09-26 14:27:14.622,AH,C,1621518334,AMBUSH51,1,1,48,2,1,1,225,2,1,0,0,9,1,225,2,1,-153263.81470133903,-4790263.548652162,4198832.293827338,2.62005,2.71937,-0.41376,-101.68,45.2593,49.2476,-0.152268,-7.16163,6.57909,-0.0515727,0.00204002,0.019827,4,0,41.41190683567432,-91.83254534387704,9883.671388821393,-57.86393037294895,0.2706364528444391,14.033051951401708,198.691,10022.661867135384,12264.339701119052,150,False,14.963594148555812,False,157.86492613584528,176.54785478954236,False,25.48386310260719,True,False
1,1970-07-23 10:27:52.356598967,2025-09-12,2025-09-26 14:27:15.659,AH,C,3236672710,JASSM,3,128,76,2,2,1,225,9,2,0,1,26,0,0,0,0,-180727.6136492056,-4787478.795869674,4201414.548307896,-2.30135,-0.152439,0.12895,92.125,-14.0,-12.0,0.0,0.0,0.0,0.0,0.0,0.0,2,0,41.4402041436521,-92.16189257924988,10997.374111900845,99.87630967436615,-0.0010773333752263,0.0070006825619072,,10022.661867135384,12264.339701119052,150,1,2025-09-12,2025-09-26 14:27:15.723,AH,C,1622830634,AMBUSH51,1,1,48,2,1,1,225,2,1,0,0,9,1,225,2,1,-153374.32886750545,-4790213.06946169,4198886.541276973,2.50405,2.70444,-0.429471,-100.595,46.5736,50.5208,-0.0723239,-7.58225,6.88738,-0.105533,0.0053877,0.0263663,4,0,41.41255228614428,-91.83388515016142,9885.9551474498,-56.67842238792215,0.3824172433887666,7.043347944860278,198.875,10022.661867135384,12264.339701119052,150,True,14.846379782022806,False,156.87137545854364,176.41698634319218,False,26.614030031831994,True,False
1,1970-07-23 10:27:52.366480595,2025-09-12,2025-09-26 14:27:16.648,AH,C,3237925616,JASSM,3,128,76,2,2,1,225,9,2,0,1,26,0,0,0,0,-180630.86267264312,-4787493.665010299,4201401.851042271,-2.30135,-0.152343,0.12895,92.125,-14.0,-12.0,0.0,0.0,0.0,0.0,0.0,0.0,2,0,41.44005171935187,-92.16072962139523,10997.37369060264,99.87344380599214,-0.0042492411482008,0.0062938126361832,,10022.661867135384,12264.339701119052,150,1,2025-09-12,2025-09-26 14:27:16.456,AH,C,1623705498,AMBUSH51,1,1,48,2,1,1,225,2,1,0,0,9,1,225,2,1,-153447.90600694867,-4790178.744932879,4198923.760992476,2.44328,2.70185,-0.434154,-100.191,46.9989,51.0798,-0.18781,-7.4524,6.91106,-0.0739558,-0.00557287,0.00176538,4,0,41.41299371239955,-91.83477744345063,9888.111986246444,-56.39642655502984,0.4847753821807457,3.5019342022620266,198.96,10022.661867135384,12264.339701119052,150,True,14.750589783691288,False,156.491650225099,176.32150951726754,False,27.090330824455794,True,False
1,1970-07-23 10:27:52.377505045,2025-09-12,2025-09-26 14:27:17.750,AH,C,3239178108,JASSM,3,128,76,2,2,1,225,9,2,0,1,26,0,0,0,0,-180534.14196951807,-4787508.528291549,4201389.157682896,-2.30135,-0.152343,0.129046,92.125,-14.0,-12.0,0.0,0.0,0.0,0.0,0.0,0.0,2,0,41.43989933772341,-92.1595670334148,10997.375158453233,99.878304175881,-0.0070304556514971,0.0062927668033771,,10022.661867135384,12264.339701119052,150,1,2025-09-12,2025-09-26 14:27:17.655,AH,C,1625137098,AMBUSH51,1,1,48,2,1,1,225,2,1,0,0,9,1,225,2,1,-153568.48421797217,-4790122.106615366,4198985.610303004,2.40993,2.70265,-0.437811,-99.8876,46.9685,51.7056,-0.349013,-7.37295,6.77925,0.0225484,-0.00217318,-0.00231466,4,0,41.4137251724333,-91.8362399077147,9892.555687368242,-56.28335710823914,0.6668138768552817,1.6118057088982762,199.18,10022.661867135384,12264.339701119052,150,True,14.627486312376773,False,156.2279307276032,176.16957888733182,False,27.501964407344857,True,False
1,1970-07-23 10:27:52.387260756,2025-09-12,2025-09-26 14:27:18.726,AH,C,3240371156,JASSM,3,128,76,2,2,1,225,9,2,0,1,26,0,0,0,0,-180442.0120867056,-4787522.684541549,4201377.065886021,-2.30135,-0.152343,0.129046,92.125,-14.0,-12.0,0.0,0.0,0.0,0.0,0.0,0.0,2,0,41.43975418090623,-92.1584596330945,10997.375389615569,99.87903709015006,-0.0061876968442839,0.0062921870841045,,10022.661867135384,12264.339701119052,150,1,2025-09-12,2025-09-26 14:27:18.722,AH,C,1626409630,AMBUSH51,1,1,48,2,1,1,225,2,1,0,0,9,1,225,2,1,-153675.3695104921,-4790071.538935882,4199041.1371361455,2.47029,2.69791,-0.437722,-99.6484,47.2696,52.2306,-0.189305,-7.25243,6.59324,0.0739641,0.00421216,-0.0103915,4,0,41.41438043341827,-91.8375364592426,9897.137393034658,-56.1093556225943,0.4951554024805992,4.956789031905409,199.217,10022.661867135384,12264.339701119052,150,True,14.514904880963716,False,155.93295065411462,176.03007610278874,False,27.937223556566504,True,False
1,1970-07-23 10:27:52.398278715,2025-09-12,2025-09-26 14:27:19.827,AH,C,3241683498,JASSM,3,128,76,2,2,1,225,9,2,0,1,26,0,0,0,0,-180340.67028983065,-4787538.254854049,4201363.765104771,-2.30135,-0.152343,0.129046,92.125,-14.0,-12.0,0.0,0.0,0.0,0.0,0.0,0.0,2,0,41.43959450646787,-92.1572415119838,10997.377566090216,99.87984328067144,-0.0052606739129452,0.0062915578264783,,10022.661867135384,12264.339701119052,150,1,2025-09-12,2025-09-26 14:27:19.921,AH,C,1627841228,AMBUSH51,1,1,48,2,1,1,225,2,1,0,0,9,1,225,2,1,-153793.22567225082,-4790014.6091689,4199103.536908503,2.57348,2.69109,-0.447087,-98.7214,48.1812,53.2217,-0.289851,-7.42172,6.72576,0.0791802,0.00319891,0.0164149,4,0,41.41511782704665,-91.83896656988895,9901.86506938448,-55.48508118857783,0.6441987878325235,10.707974933892348,199.18,10022.661867135384,12264.339701119052,150,False,14.390894853986962,False,155.16731931067247,175.87006987605122,False,28.866765514049664,True,False
1,1970-07-23 10:27:52.407439677,2025-09-12,2025-09-26 14:27:20.743,AH,C,3242876552,JASSM,3,128,76,2,2,1,225,9,2,0,1,26,0,0,0,0,-180248.54040701807,-4787552.409150924,4201351.669401646,-2.30135,-0.152343,0.129046,92.125,-14.0,-12.0,0.0,0.0,0.0,0.0,0.0,0.0,2,0,41.43944931253025,-92.15613412290745,10997.374040285556,99.88057618306529,-0.0044179131833545,0.0062909633985838,,10022.661867135384,12264.339701119052,150,1,2025-09-12,2025-09-26 14:27:20.789,AH,C,1628875160,AMBUSH51,1,1,48,2,1,1,225,2,1,0,0,9,1,225,2,1,-153879.15698320614,-4789971.567875264,4199150.577710735,2.63078,2.6745,-0.456146,-97.6802,49.2018,54.4257,-0.317096,-7.14458,6.61664,0.027442,0.00458251,0.025661,4,0,41.41567500384049,-91.8400099008104,9904.90063922418,-54.50652039840459,0.4406398230109256,13.58542037359406,199.18,10022.661867135384,12264.339701119052,150,False,14.290429113651784,False,154.28181299360068,175.7438606822041,False,29.880672941639226,True,False
1,1970-07-23 10:27:52.418267301,2025-09-12,2025-09-26 14:27:21.826,AH,C,3244069628,JASSM,3,128,76,2,2,1,225,9,2,0,1,26,0,0,0,0,-180156.40857108065,-4787566.563447799,4201339.575651646,-2.30135,-0.152343,0.129046,92.125,-14.0,-12.0,0.0,0.0,0.0,0.0,0.0,0.0,2,0,41.43930412154361,-92.1550267154262,10997.37911061298,99.8813090955264,-0.0035751375302545,0.0062903853445359,,10022.661867135384,12264.339701119052,150,1,2025-09-12,2025-09-26 14:27:21.922,AH,C,1630227226,AMBUSH51,1,1,48,2,1,1,225,2,1,0,0,9,1,225,2,1,-153988.060303011,-4789914.986423698,4199212.105016442,2.64908,2.65456,-0.47303,-96.1245,50.9321,55.8784,-0.197033,-7.50882,6.8206,0.00150323,0.00376692,0.016652,4,0,41.41640611771476,-91.84133295181242,9907.902270727074,-53.10069063079933,0.4624334128236577,14.13293890965788,199.4,10022.661867135384,12264.339701119052,150,False,14.176498258070062,False,153.01522946184937,175.57949978829927,False,31.320015801110777,False,False
1,1970-07-23 10:27:52.430178960,2025-09-12,2025-09-26 14:27:23.017,AH,C,3245322298,JASSM,3,128,76,2,2,1,225,9,2,0,1,26,0,0,0,0,-180059.67419608062,-4787581.420869674,4201326.874479771,-2.30135,-0.152343,0.129046,92.125,-14.0,-12.0,0.0,0.0,0.0,0.0,0.0,0.0,2,0,41.43915166749458,-92.1538639933804,10997.372472913612,99.88207861440104,-0.0026902617318592,0.0062897796921389,,10022.661867135384,12264.339701119052,150,1,2025-09-12,2025-09-26 14:27:22.923,AH,C,1631420224,AMBUSH51,1,1,48,2,1,1,225,2,1,0,0,9,1,225,2,1,-154084.27848464553,-4789862.791246629,4199269.0779439295,2.65554,2.6386,-0.486225,-94.5638,52.191,57.4823,0.0067803,-7.57814,6.88671,0.0258254,0.00415599,0.0149127,4,0,41.41708280612104,-91.84250276460747,9910.81146696122,-51.9925577530555,0.4796960041237093,14.09023394737908,199.437,10022.661867135384,12264.339701119052,150,False,14.067342532293917,False,151.81283751854937,175.42185185146252,False,32.68124570709699,False,False
1,1970-07-23 10:27:52.441380701,2025-09-12,2025-09-26 14:27:24.138,AH,C,3246515344,JASSM,3,128,76,2,2,1,225,9,2,0,1,26,0,0,0,0,-179967.54431326812,-4787595.573213424,4201314.778776646,-2.30135,-0.152343,0.129046,92.125,-14.0,-12.0,0.0,0.0,0.0,0.0,0.0,0.0,2,0,41.43900645266004,-92.1527566202386,10997.377981072656,99.88281149980544,-0.0018475035808288,0.0062891964787248,,10022.661867135384,12264.339701119052,150,1,2025-09-12,2025-09-26 14:27:23.988,AH,C,1632692756,AMBUSH51,1,1,48,2,1,1,225,2,1,0,0,9,1,225,2,1,-154183.80249195514,-4789806.414001543,4199330.611732414,2.71687,2.61816,-0.495978,-92.9034,53.8763,59.0351,-0.298364,-7.41235,6.75552,0.0399505,-0.0060098,0.0233224,4,0,41.41781451600245,-91.8437137134284,9913.605259497604,-50.85060554789904,0.2118605658647189,17.059048176349293,199.474,10022.661867135384,12264.339701119052,150,False,13.958671739258172,False,150.50166196006705,175.2498968278789,False,34.17051792134241,False,False
1,1970-07-23 10:27:52.449438748,2025-09-12,2025-09-26 14:27:24.943,AH,C,3247827694,JASSM,3,128,76,2,2,1,225,9,2,0,1,26,0,0,0,0,-179866.20153983062,-4787611.137666549,4201301.470182896,-2.30135,-0.152248,0.129046,92.125,-14.0,-12.0,0.0,0.0,0.0,0.0,0.0,0.0,2,0,41.438846700204,-92.1515385180559,10997.37439788227,99.87998220446092,-0.0049774061963263,0.0055818301015999,,10022.661867135384,12264.339701119052,150,1,2025-09-12,2025-09-26 14:27:25.029,AH,C,1633925522,AMBUSH51,1,1,48,2,1,1,225,2,1,0,0,9,1,225,2,1,-154279.35928983844,-4789749.477074783,4199392.505014294,2.71604,2.5933,-0.516523,-90.9512,55.4317,60.7668,-0.42056,-7.45969,6.92587,-0.081912,0.00373571,0.0303111,4,0,41.41855272994199,-91.84487749730629,9915.497493473353,-49.13854957807524,0.2822970482183958,16.327488821290643,199.657,10022.661867135384,12264.339701119052,150,False,13.84717634405192,False,149.08342403410265,175.07081836807185,False,35.77076526778508,False,False
1,1970-07-23 10:27:52.459478981,2025-09-12,2025-09-26 14:27:25.947,AH,C,3249080394,JASSM,3,128,76,2,2,1,225,9,2,0,1,26,0,0,0,0,-179769.46521170562,-4787625.993135299,4201288.767057896,-2.30135,-0.152248,0.129046,92.125,-14.0,-12.0,0.0,0.0,0.0,0.0,0.0,0.0,2,0,41.438694209774,-92.15037578987408,10997.37354047576,99.88075172045656,-0.0040925135852371,0.0055811699588414,,10022.661867135384,12264.339701119052,150,1,2025-09-12,2025-09-26 14:27:26.055,AH,C,1635158286,AMBUSH51,1,1,48,2,1,1,225,2,1,0,0,9,1,225,2,1,-154371.8543836021,-4789691.789398547,4199455.419852797,2.65068,2.57073,-0.533118,-89.3166,56.5404,62.3498,-0.427431,-7.59208,6.93426,-0.0908689,0.00792394,0.0142219,4,0,41.419302880911296,-91.84600500943502,9917.5265995751,-47.67093675767826,0.2824600355919686,11.941954878350442,199.877,10022.661867135384,12264.339701119052,150,False,13.739903959884153,False,147.90362386355022,174.88617852684897,False,37.13496621590015,False,False
1,1970-07-23 10:27:52.469258755,2025-09-12,2025-09-26 14:27:26.925,AH,C,3250213788,JASSM,3,128,76,2,2,1,225,9,2,0,1,26,0,0,0,0,-179681.94177420562,-4787639.434541549,4201277.272917271,-2.30135,-0.152248,0.129046,92.125,-14.0,-12.0,0.0,0.0,0.0,0.0,0.0,0.0,2,0,41.438556222058345,-92.149323800955,10997.377076369748,99.88144794505934,-0.0032918936479453,0.0055805629285074,,10022.661867135384,12264.339701119052,150,1,2025-09-12,2025-09-26 14:27:27.089,AH,C,1636391052,AMBUSH51,1,1,48,2,1,1,225,2,1,0,0,9,1,225,2,1,-154464.07050520898,-4789632.25119575,4199520.797913326,2.53434,2.56557,-0.545856,-88.199,57.0305,63.7011,-0.120574,-7.87827,7.1104,-0.0593542,0.0148003,0.00458459,4,0,41.42008070990755,-91.84712992673322,9920.337839025771,-47.00822430008268,0.6797263630538118,5.1300724671565465,199.987,10022.661867135384,12264.339701119052,150,True,13.637793640490312,False,147.08300957754224,174.6936989464298,False,38.14380950860065,False,False
1,1970-07-23 10:27:52.479276508,2025-09-12,2025-09-26 14:27:27.927,AH,C,3251347182,JASSM,3,128,76,2,2,1,225,9,2,0,1,26,0,0,0,0,-179594.41833670562,-4787652.873994674,4201265.776823521,-2.30135,-0.152248,0.129142,92.125,-14.0,-12.0,0.0,0.0,0.0,0.0,0.0,0.0,2,0,41.4384182231678,-92.14827181736862,10997.375664603233,99.8862351382073,-0.0061571920382525,0.0055796454649926,,10022.661867135384,12264.339701119052,150,1,2025-09-12,2025-09-26 14:27:27.956,AH,C,1637424984,AMBUSH51,1,1,48,2,1,1,225,2,1,0,0,9,1,225,2,1,-154540.2008523061,-4789583.101082802,4199576.307609769,2.50162,2.5636,-0.552682,-87.8327,54.9027,66.0616,-0.171011,-7.74891,6.95307,-0.0316448,0.0065133,0.00442438,4,0,41.42073319957214,-91.84805863744202,9926.004929434854,-46.68428129513543,0.9190941354950978,3.200995719825652,200.06,10022.661867135384,12264.339701119052,150,True,13.545229453120104,False,146.75215574482465,174.52683679273463,False,38.59804037173471,False,False
1,1970-07-23 10:27:52.488437303,2025-09-12,2025-09-26 14:27:28.843,AH,C,3252480578,JASSM,3,128,76,2,2,1,225,9,2,0,1,26,0,0,0,0,-179506.89489920562,-4787666.311494674,4201254.280729771,-2.30135,-0.152248,0.129142,92.125,-14.0,-12.0,0.0,0.0,0.0,0.0,0.0,0.0,2,0,41.43828022627897,-92.14721983911436,10997.37354598486,99.8869313519683,-0.0053565750439805,0.0055791052229984,,10022.661867135384,12264.339701119052,150,1,2025-09-12,2025-09-26 14:27:28.788,AH,C,1638419150,AMBUSH51,1,1,48,2,1,1,225,2,1,0,0,9,1,225,2,1,-154612.48442550364,-4789535.476947015,4199629.188995019,2.50207,2.56085,-0.551405,-87.1767,57.0862,64.6303,-0.150481,-7.76467,6.49255,0.0347574,-0.000870729,0.00094355,4,0,41.42135960190034,-91.84894080765044,9929.419759783495,-46.62859043656926,0.7778162860011193,3.1451434332775814,199.767,10022.661867135384,12264.339701119052,150,True,13.454990543152094,False,146.49281868609825,174.3632232511914,False,39.06071568410545,False,False
1,1970-07-23 10:27:52.502578983,2025-09-12,2025-09-26 14:27:30.257,AH,C,3253613970,JASSM,3,128,76,2,2,1,225,9,2,0,1,26,0,0,0,0,-179419.37146170562,-4787679.748994674,4201242.784636021,-2.30135,-0.152248,0.129142,92.125,-14.0,-12.0,0.0,0.0,0.0,0.0,0.0,0.0,2,0,41.438142219767705,-92.1461678653169,10997.375520920445,99.88762756087267,-0.0045559580304506,0.0055785649441605,,10022.661867135384,12264.339701119052,150,1,2025-09-12,2025-09-26 14:27:30.188,AH,C,1640089348,AMBUSH51,1,1,48,2,1,1,225,2,1,0,0,9,1,225,2,1,-154733.4834518045,-4789455.095228129,4199719.67290032,2.61926,2.554,-0.55812,-85.6119,57.485,65.1367,-0.213059,-7.71784,6.41035,0.114781,0.0084753,0.00699808,4,0,41.42242533573621,-91.85041780835782,9937.782983577614,-46.12712637796313,0.862467802302333,9.65974618732224,198.728,10022.661867135384,12264.339701119052,150,True,13.336290626948049,False,145.76097953368387,174.0946802065888,False,40.06404382796379,False,False
1,1970-07-23 10:27:52.507776878,2025-09-12,2025-09-26 14:27:30.777,AH,C,3254687712,JASSM,3,128,76,2,2,1,225,9,2,0,1,26,0,0,0,0,-179336.45446951812,-4787692.479463424,4201231.892057896,-2.30135,-0.152248,0.129142,92.125,-14.0,-12.0,0.0,0.0,0.0,0.0,0.0,0.0,2,0,41.4380114562663,-92.14517126196684,10997.37832053486,99.88828712319088,-0.0037974762208043,0.0055780417157829,,10022.661867135384,12264.339701119052,150,1,2025-09-12,2025-09-26 14:27:30.955,AH,C,1641003980,AMBUSH51,1,1,48,2,1,1,225,2,1,0,0,9,1,225,2,1,-154798.65823253652,-4789410.673428927,4199769.665161112,2.6822,2.53857,-0.564704,-84.3479,57.9608,65.6866,-0.0654824,-7.60588,5.93684,0.0682362,-0.00520253,0.0343121,4,0,41.42301453191461,-91.85121383246396,9942.249823519514,-45.30979355855057,0.6804050660630923,12.806749553277085,197.751,10022.661867135384,12264.339701119052,150,False,13.252884449261945,False,145.09692768807207,173.93496694366746,False,40.88964959625544,False,False
1,1970-07-23 10:27:52.516299438,2025-09-12,2025-09-26 14:27:31.629,AH,C,3255761454,JASSM,3,128,76,2,2,1,225,9,2,0,1,26,0,0,0,0,-179253.53747733062,-4787705.207979049,4201220.997526646,-2.30135,-0.152248,0.129142,92.125,-14.0,-12.0,0.0,0.0,0.0,0.0,0.0,0.0,2,0,41.43788068257637,-92.14417466349197,10997.375752910826,99.88894668057068,-0.0030389947729715,0.0055775168123809,,10022.661867135384,12264.339701119052,150,1,2025-09-12,2025-09-26 14:27:31.755,AH,C,1641958380,AMBUSH51,1,1,48,2,1,1,225,2,1,0,0,9,1,225,2,1,-154865.31253492416,-4789363.907627293,4199821.952340463,2.86682,2.52032,-0.578469,-82.3961,59.0677,66.1957,-0.470114,-7.33342,5.99136,0.256141,0.00706466,0.0124576,4,0,41.423632874169456,-91.85202845761998,9946.056827938057,-44.13032544275147,0.7435633385932607,22.833308469154485,197.152,10022.661867135384,12264.339701119052,150,False,13.168636399080027,False,144.07716812404672,173.76583567945514,False,42.08689616098165,False,False
1,1970-07-23 10:27:52.524477969,2025-09-12,2025-09-26 14:27:32.447,AH,C,3256835196,JASSM,3,128,76,2,2,1,225,9,2,0,1,26,0,0,0,0,-179170.62048514312,-4787717.934541549,4201210.104948521,-2.30135,-0.152248,0.129142,92.125,-14.0,-12.0,0.0,0.0,0.0,0.0,0.0,0.0,2,0,41.437749925051314,-92.14317806989158,10997.376299604528,99.88960623301124,-0.0022805182124545,0.0055770161957631,,10022.661867135384,12264.339701119052,150,1,2025-09-12,2025-09-26 14:27:32.422,AH,C,1642753712,AMBUSH51,1,1,48,2,1,1,225,2,1,0,0,9,1,225,2,1,-154919.42597765493,-4789323.562390545,4199866.214322953,3.01214,2.50732,-0.58563,-79.9802,61.1164,66.7962,-0.533753,-7.2088,5.83461,0.154348,0.00918062,0.0401024,4,0,41.42416125773074,-91.8526907433845,9947.237732711155,-43.38843513061175,0.6797855503369552,30.75944404952996,196.443,10022.661867135384,12264.339701119052,150,False,13.091681382196152,False,142.67368783579303,173.61565763616818,False,43.65526074970726,False,False
1,1970-07-23 10:27:52.534505614,2025-09-12,2025-09-26 14:27:33.450,AH,C,3257908942,JASSM,3,128,76,2,2,1,225,9,2,0,1,26,0,0,0,0,-179087.70251639312,-4787730.663057174,4201199.208464146,-2.30135,-0.152248,0.129142,92.125,-14.0,-12.0,0.0,0.0,0.0,0.0,0.0,0.0,2,0,41.43761912113021,-92.14218146774856,10997.376749426014,99.89026578939458,-0.0015220258852628,0.0055764799622266,,10022.661867135384,12264.339701119052,150,1,2025-09-12,2025-09-26 14:27:33.422,AH,C,1643946712,AMBUSH51,1,1,48,2,1,1,225,2,1,0,0,9,1,225,2,1,-154997.99626450703,-4789260.330658408,4199933.931578837,-3.13257,2.4378,-0.599634,-75.8379,64.2977,68.053,-0.368739,-7.40097,6.01923,0.117359,0.0316864,0.0607752,4,0,41.42497941438792,-91.85365417090236,9945.010371893595,-40.269508666913374,-0.6706407588099427,36.46837921141342,195.612,10022.661867135384,12264.339701119052,150,False,13.00027090891356,False,140.25129795276928,173.39130441940884,False,46.31865726458555,False,False
1,1970-07-23 10:27:52.544284514,2025-09-12,2025-09-26 14:27:34.428,AH,C,3259101986,JASSM,3,128,76,2,2,1,225,9,2,0,1,26,0,0,0,0,-178995.57263358062,-4787744.801729049,4201187.102995396,-2.30135,-0.152152,0.129142,92.125,-14.0,-12.0,0.0,0.0,0.0,0.0,0.0,0.0,2,0,41.43747380929834,-92.14107415283404,10997.375303223786,99.88736324839736,-0.0047362047938925,0.0048686592080921,,10022.661867135384,12264.339701119052,150,1,2025-09-12,2025-09-26 14:27:34.423,AH,C,1645139710,AMBUSH51,1,1,48,2,1,1,225,2,1,0,0,9,1,225,2,1,-155070.9319059791,-4789194.323295527,4200002.233524473,-3.05856,2.39067,-0.612111,-70.8607,68.3095,69.389,-0.392183,-7.74156,6.50619,0.00220231,0.0266493,0.0433752,4,0,41.42581911363588,-91.8545513571505,9936.7867131014,-38.04348488484993,-1.3637004576631218,39.13114970333435,195.38,10022.661867135384,12264.339701119052,150,False,12.906953788219774,False,137.31534243657373,173.1540771410882,False,49.50825134834563,False,False
1,1970-07-23 10:27:52.555395153,2025-09-12,2025-09-26 14:27:35.539,AH,C,3260295030,JASSM,3,128,76,2,2,1,225,9,2,0,1,26,0,0,0,0,-178903.44275076812,-4787758.940400924,4201174.995573521,-2.30135,-0.152152,0.129142,92.125,-14.0,-12.0,0.0,0.0,0.0,0.0,0.0,0.0,2,0,41.43732847362831,-92.1399668428594,10997.374152032047,99.88809606771038,-0.0038934513511728,0.0048680302385036,,10022.661867135384,12264.339701119052,150,1,2025-09-12,2025-09-26 14:27:35.421,AH,C,1646332708,AMBUSH51,1,1,48,2,1,1,225,2,1,0,0,9,1,225,2,1,-155139.7212063743,-4789123.824348981,4200072.804972074,-3.04688,2.32061,-0.628981,-65.7153,71.7122,70.9906,-0.118435,-7.91442,6.41068,-0.00616584,0.0215602,0.0493611,4,0,41.42670165263039,-91.8554007524778,9922.123395732397,-34.77994991231411,-2.3399975321800928,37.35988793943072,195.184,10022.661867135384,12264.339701119052,150,False,12.81588230044542,False,134.35839930778187,172.900942341942,False,52.72654656024046,False,False
1,1970-07-23 10:27:52.563426239,2025-09-12,2025-09-26 14:27:36.342,AH,C,3261368772,JASSM,3,128,76,2,2,1,225,9,2,0,1,26,0,0,0,0,-178820.52673514312,-4787771.665010299,4201164.099089146,-2.30135,-0.152152,0.129142,92.125,-14.0,-12.0,0.0,0.0,0.0,0.0,0.0,0.0,2,0,41.43719766469465,-92.13897027869696,10997.377018742633,99.88875559347932,-0.0031349814484525,0.0048674650182426,,10022.661867135384,12264.339701119052,150,1,2025-09-12,2025-09-26 14:27:36.555,AH,C,1647684774,AMBUSH51,1,1,48,2,1,1,225,2,1,0,0,9,1,225,2,1,-155210.6262993419,-4789041.031916757,4200153.965272968,-3.12314,2.25784,-0.649584,-60.0943,74.8092,73.11,-0.126069,-8.51489,7.05458,-0.152357,0.0335964,0.0363906,4,0,41.42772839844783,-91.8562802203106,9900.397536941136,-31.694021014457803,-2.8026794876809795,30.70562546697001,195.453,10022.661867135384,12264.339701119052,150,False,12.72833840494256,False,131.16841390719694,172.60828256808742,False,56.21291645085038,False,False
1,1970-07-23 10:27:52.572255953,2025-09-12,2025-09-26 14:27:37.225,AH,C,3262442514,JASSM,3,128,76,2,2,1,225,9,2,0,1,26,0,0,0,0,-178737.60778983062,-4787784.387666549,4201153.200651646,-2.30135,-0.152152,0.129238,92.125,-14.0,-12.0,0.0,0.0,0.0,0.0,0.0,0.0,2,0,41.43706684622381,-92.13797368439728,10997.374249273982,99.89350615708338,-0.0060423532139389,0.0048666027121376,,10022.661867135384,12264.339701119052,150,1,2025-09-12,2025-09-26 14:27:37.255,AH,C,1648519872,AMBUSH51,1,1,48,2,1,1,225,2,1,0,0,9,1,225,2,1,-155251.4065600019,-4788988.089584239,4200205.675327512,3.10438,2.22067,-0.66982,-56.7709,75.9569,74.7455,-0.162245,-9.02151,7.54728,-0.0711054,0.0236241,0.0407765,4,0,41.42838456473992,-91.8567881128874,9885.73679135167,-29.65881314940152,-2.601750310056316,26.115086966367745,195.649,10022.661867135384,12264.339701119052,150,False,12.658727436301076,False,129.333589342859,172.40866180140276,False,58.24621958620998,False,False
1,1970-07-23 10:27:52.581317738,2025-09-12,2025-09-26 14:27:38.131,AH,C,3263575908,JASSM,3,128,76,2,2,1,225,9,2,0,1,26,0,0,0,0,-178650.08435233062,-4787797.817354049,4201141.696745396,-2.30135,-0.152152,0.129238,92.125,-14.0,-12.0,0.0,0.0,0.0,0.0,0.0,0.0,2,0,41.43692874892982,-92.13692175327844,10997.376039390305,99.89420232104769,-0.0052417375397106,0.00486606190867,,10022.661867135384,12264.339701119052,150,1,2025-09-12,2025-09-26 14:27:38.055,AH,C,1649474272,AMBUSH51,1,1,48,2,1,1,225,2,1,0,0,9,1,225,2,1,-155295.57975071738,-4788927.274815356,4200266.354919832,3.06047,2.19596,-0.695692,-53.3359,76.359,76.9592,-0.362729,-9.43853,8.08242,-0.081783,0.0348468,0.0171535,4,0,41.42914745508789,-91.8573396185609,9871.467085742112,-27.9953389185729,-1.801078326472817,22.641751652002483,195.722,10022.661867135384,12264.339701119052,150,False,12.584569964568393,False,127.4727323304451,172.176796036102,False,60.33345626461561,False,False
1,1970-07-23 10:27:52.590456611,2025-09-12,2025-09-26 14:27:39.045,AH,C,3264709302,JASSM,3,128,76,2,2,1,225,9,2,0,1,26,0,0,0,0,-178562.56091483062,-4787811.247041549,4201130.190886021,-2.30135,-0.152152,0.129238,92.125,-14.0,-12.0,0.0,0.0,0.0,0.0,0.0,0.0,2,0,41.43679062883746,-92.13586982661964,10997.377682340544,99.894898480153,-0.0044411195821583,0.0048655080874534,,10022.661867135384,12264.339701119052,150,1,2025-09-12,2025-09-26 14:27:39.122,AH,C,1650746804,AMBUSH51,1,1,48,2,1,1,225,2,1,0,0,9,1,225,2,1,-155350.3649033344,-4788845.506699575,4200350.607351104,3.00636,2.16063,-0.735242,-48.9639,75.9851,80.0133,-0.162913,-9.85741,8.16656,-0.0309332,0.021117,0.0389747,4,0,41.430192071184976,-91.8580260938581,9857.708818599074,-25.614575470264523,-0.4579805252344829,18.166504457998915,195.563,10022.661867135384,12264.339701119052,150,False,12.50400744417078,False,125.18086996183703,171.86652878285435,False,62.92242672012232,False,False
1,1970-07-23 10:27:52.599497990,2025-09-12,2025-09-26 14:27:39.949,AH,C,3265783044,JASSM,3,128,76,2,2,1,225,9,2,0,1,26,0,0,0,0,-178479.64294608062,-4787823.967744674,4201119.290495396,-2.30135,-0.152152,0.129238,92.125,-14.0,-12.0,0.0,0.0,0.0,0.0,0.0,0.0,2,0,41.43665978173059,-92.13487325731371,10997.377391592505,99.89555800231396,-0.0036826331599114,0.0048649970374011,,10022.661867135384,12264.339701119052,150,1,2025-09-12,2025-09-26 14:27:40.022,AH,C,1651820502,AMBUSH51,1,1,48,2,1,1,225,2,1,0,0,9,1,225,2,1,-155392.36295890532,-4788778.241874514,4200423.106175381,3.00806,2.14053,-0.765525,-45.5142,75.2385,82.1677,-0.276048,-9.82183,8.13407,0.0146047,0.030049,0.0196543,4,0,41.43107352036477,-91.85855413525208,9853.078619441309,-24.10710546140797,0.7457155079822231,17.482256117114666,195.258,10022.661867135384,12264.339701119052,150,False,12.433702748274436,False,123.44873531852228,171.5984869347436,False,64.9089329164397,False,False
1,1970-07-23 10:27:52.609277317,2025-09-12,2025-09-26 14:27:40.927,AH,C,3266916438,JASSM,3,128,76,2,2,1,225,9,2,0,1,26,0,0,0,0,-178392.11950858062,-4787837.393525924,4201107.784636021,-2.30135,-0.152152,0.129238,92.125,-14.0,-12.0,0.0,0.0,0.0,0.0,0.0,0.0,2,0,41.43652166614971,-92.133821341081,10997.37740504596,99.896254150801,-0.0028820204454784,0.0048644658223119,,10022.661867135384,12264.339701119052,150,1,2025-09-12,2025-09-26 14:27:40.755,AH,C,1652695368,AMBUSH51,1,1,48,2,1,1,225,2,1,0,0,9,1,225,2,1,-155424.43647781707,-4788723.3848735485,4200483.966088938,3.07092,2.12442,-0.785084,-42.684,74.352,83.9159,-0.284908,-9.32049,7.64005,0.099441,0.0164357,0.0201995,4,0,41.431804497217314,-91.85895875813664,9852.898567560242,-23.03829649061932,1.4868509413769375,20.458450602647336,194.537,10022.661867135384,12264.339701119052,150,False,12.36693273493041,False,122.04429576001736,171.36676210799615,False,66.5304044853921,False,False
1,1970-07-23 10:27:52.622186542,2025-09-12,2025-09-26 14:27:42.218,AH,C,3268050060,JASSM,3,128,76,2,2,1,225,9,2,0,1,26,0,0,0,0,-178304.57751639312,-4787850.821260299,4201096.274870396,-2.30135,-0.152152,0.129238,92.125,-14.0,-12.0,0.0,0.0,0.0,0.0,0.0,0.0,2,0,41.43638350708213,-92.1327692067046,10997.376132892285,99.8969504417446,-0.0020812374905342,0.0048639298923579,,10022.661867135384,12264.339701119052,150,1,2025-09-12,2025-09-26 14:27:42.154,AH,C,1654365566,AMBUSH51,1,1,48,2,1,1,225,2,1,0,0,9,1,225,2,1,-155479.5777652692,-4788618.976909673,4200602.631181925,-3.01184,2.04968,-0.810957,-36.2007,74.5823,85.6811,-0.214186,-8.46631,6.91368,0.118549,0.0227919,0.0466188,4,0,41.433215992056695,-91.8596583316545,9858.24403217948,-19.70687401945596,1.6829903870483096,28.9672439498994,192.813,10022.661867135384,12264.339701119052,150,False,12.2863955119973,False,118.86445706576156,170.94552117292181,False,70.1255169471073,False,False
1,1970-07-23 10:27:52.628457227,2025-09-12,2025-09-26 14:27:42.845,AH,C,3269183226,JASSM,3,128,76,2,2,1,225,9,2,0,1,26,0,0,0,0,-178217.07165701812,-4787864.243135299,4201084.769011021,-2.30135,-0.152056,0.129238,92.125,-14.0,-12.0,0.0,0.0,0.0,0.0,0.0,0.0,2,0,41.43624539161065,-92.13171751119567,10997.376341214604,99.89401117043982,-0.005337709285804,0.0041556479923747,,10022.661867135384,12264.339701119052,150,1,2025-09-12,2025-09-26 14:27:42.788,AH,C,1655121132,AMBUSH51,1,1,48,2,1,1,225,2,1,0,0,9,1,225,2,1,-155501.3251083026,-4788571.3087739,4200656.944342976,-2.92317,2.01041,-0.818776,-32.6621,75.3551,86.014,-0.396405,-8.27657,7.04718,0.0779797,0.0232787,0.0309832,4,0,41.433861996579694,-91.85993676601092,9860.710609264024,-18.104567453216493,1.5561561677600122,32.45543163485864,192.312,10022.661867135384,12264.339701119052,150,False,12.225956731107305,False,117.13531109804711,170.730883921056,False,72.0744634973667,False,False
1,1970-07-23 10:27:52.640577307,2025-09-12,2025-09-26 14:27:44.057,AH,C,3270316622,JASSM,3,128,76,2,2,1,225,9,2,0,1,26,0,0,0,0,-178129.54724295562,-4787877.666963424,4201073.259245396,-2.30135,-0.152056,0.129238,92.125,-14.0,-12.0,0.0,0.0,0.0,0.0,0.0,0.0,2,0,41.4361072326524,-92.1306655975436,10997.375264024517,99.89470731153594,-0.00453708607806,0.0041550529633961,,10022.661867135384,12264.339701119052,150,1,2025-09-12,2025-09-26 14:27:44.155,AH,C,1656751564,AMBUSH51,1,1,48,2,1,1,225,2,1,0,0,9,1,225,2,1,-155540.17188085284,-4788466.82977205,4200774.833029034,-2.76141,1.89952,-0.82861,-24.405,76.9804,86.5774,-0.311184,-8.38754,6.9322,0.0564517,0.0238717,0.0527483,4,0,41.43527181905348,-91.8604416454886,9862.915421300791,-13.82028587594588,0.78451355010112,37.147534165597406,191.115,10022.661867135384,12264.339701119052,150,False,12.155222614001866,False,113.10468748547795,170.30033077810234,False,76.54671267028752,False,False
1,1970-07-23 10:27:52.647274095,2025-09-12,2025-09-26 14:27:44.727,AH,C,3271450016,JASSM,3,128,76,2,2,1,225,9,2,0,1,26,0,0,0,0,-178042.02282889312,-4787891.090791549,4201061.749479771,-2.30135,-0.152056,0.129238,92.125,-14.0,-12.0,0.0,0.0,0.0,0.0,0.0,0.0,2,0,41.43596906407296,-92.12961368835305,10997.378280446432,99.89540344776955,-0.0037364628511184,0.0041544578975692,,10022.661867135384,12264.339701119052,150,1,2025-09-12,2025-09-26 14:27:44.754,AH,C,1657467364,AMBUSH51,1,1,48,2,1,1,225,2,1,0,0,9,1,225,2,1,-155553.39382139104,-4788420.109025244,4200826.717156293,-2.69532,1.85258,-0.834989,-20.3597,77.8358,86.62,-0.342568,-8.67862,7.12605,0.0473679,0.0431963,0.0410782,4,0,41.435897441392726,-91.86061782530724,9861.765457579304,-11.97503154938622,0.6892141074373779,38.970275145687225,190.846,10022.661867135384,12264.339701119052,150,False,12.099904313291802,False,111.13475933131764,170.0854816803941,False,78.73776420444135,False,False
1,1970-07-23 10:27:52.657793058,2025-09-12,2025-09-26 14:27:45.779,AH,C,3272524038,JASSM,3,128,76,2,2,1,225,9,2,0,1,26,0,0,0,0,-177959.08337576812,-4787903.809541549,4201050.841276646,-2.30135,-0.152056,0.129238,92.125,-14.0,-12.0,0.0,0.0,0.0,0.0,0.0,0.0,2,0,41.43583812642467,-92.12861688830849,10997.377328581564,99.89606311191233,-0.0029777811373826,0.0041538956924819,,10022.661867135384,12264.339701119052,150,1,2025-09-12,2025-09-26 14:27:45.788,AH,C,1658700128,AMBUSH51,1,1,48,2,1,1,225,2,1,0,0,9,1,225,2,1,-155570.6894639965,-4788338.174256336,4200916.716429086,-2.59174,1.75463,-0.837733,-12.9598,79.1147,86.5862,-0.292682,-8.74446,7.26357,0.0203326,0.0319819,0.0572965,4,0,41.436989058748914,-91.86085637668018,9857.13365201532,-8.257176854188156,0.1053590888254787,40.76327157671075,190.296,10022.661867135384,12264.339701119052,150,False,12.044557547113074,False,107.53684029167256,169.73857634472242,False,82.69187679364751,False,False
1,1970-07-23 10:27:52.665491802,2025-09-12,2025-09-26 14:27:46.549,AH,C,3273657150,JASSM,3,128,76,2,2,1,225,9,2,0,1,26,0,0,0,0,-177871.58142264312,-4787917.225557174,4201039.333464146,-2.30135,-0.152056,0.129238,92.125,-14.0,-12.0,0.0,0.0,0.0,0.0,0.0,0.0,2,0,41.43569999381366,-92.12756525969098,10997.37540665926,99.8967590587475,-0.0021773680728215,0.0041533194142631,,10022.661867135384,12264.339701119052,150,1,2025-09-12,2025-09-26 14:27:46.388,AH,C,1659415928,AMBUSH51,1,1,48,2,1,1,225,2,1,0,0,9,1,225,2,1,-155576.94430920135,-4788290.866123463,4200967.981642914,-2.52945,1.69378,-0.837253,-8.34256,79.8992,86.3199,-0.368606,-9.01522,7.49224,0.0277,0.0460113,0.053903,4,0,41.4376153490364,-91.86094951431036,9852.646512531435,-5.950182027923227,-0.2445294344984091,41.73914775563527,190.027,10022.661867135384,12264.339701119052,150,False,11.993442019396923,False,105.29802969317021,169.5188478338336,False,85.15645025075159,False,False
1,1970-07-23 10:27:52.675256444,2025-09-12,2025-09-26 14:27:47.525,AH,C,3274790546,JASSM,3,128,76,2,2,1,225,9,2,0,1,26,0,0,0,0,-177784.05700858062,-4787930.645479049,4201027.819792271,-2.30135,-0.152056,0.129334,92.125,-14.0,-12.0,0.0,0.0,0.0,0.0,0.0,0.0,2,0,41.43556179377116,-92.12651336538596,10997.372405826609,99.90154624479126,-0.0050425615984932,0.0041524917784842,,10022.661867135384,12264.339701119052,150,1,2025-09-12,2025-09-26 14:27:47.599,AH,C,1660847526,AMBUSH51,1,1,48,2,1,1,225,2,1,0,0,9,1,225,2,1,-155581.05081192515,-4788194.345608877,4201071.540388037,-2.42165,1.569,-0.838715,1.41523,80.6061,86.0075,-0.333502,-9.61598,7.95905,0.0151186,0.0491717,0.0532185,4,0,41.438887829336224,-91.8610360877886,9840.560341906816,-1.1750351851293557,-0.4927809196886103,42.56728435311528,189.636,10022.661867135384,12264.339701119052,150,False,11.9433737239028,False,100.56237909064888,169.1121961131991,False,90.30484464177155,False,False
1,1970-07-23 10:27:52.685275491,2025-09-12,2025-09-26 14:27:48.527,AH,C,3275923940,JASSM,3,128,76,2,2,1,225,9,2,0,1,26,0,0,0,0,-177696.53259451812,-4787944.065400924,4201016.308073521,-2.30135,-0.152056,0.129334,92.125,-14.0,-12.0,0.0,0.0,0.0,0.0,0.0,0.0,2,0,41.435423597285066,-92.12546147554347,10997.377739191556,99.90224236071306,-0.004241941268099,0.0041519634307325,,10022.661867135384,12264.339701119052,150,1,2025-09-12,2025-09-26 14:27:48.455,AH,C,1661881458,AMBUSH51,1,1,48,2,1,1,225,2,1,0,0,9,1,225,2,1,-155576.68033757407,-4788124.61433363,4201146.032864061,-2.33919,1.46696,-0.838815,8.77175,80.2269,85.8507,-0.202522,-10.008,8.35383,0.0208923,0.0595123,0.0573318,4,0,41.43980637007965,-91.86101092877826,9830.546467524722,2.7311797057509346,-0.4265583742728593,42.91076429253411,189.514,10022.661867135384,12264.339701119052,150,False,11.898453504676663,False,96.97997487846514,168.80423344302116,False,94.19531316830779,False,False
1,1970-07-23 10:27:52.693440811,2025-09-12,2025-09-26 14:27:49.344,AH,C,3276997682,JASSM,3,128,76,2,2,1,225,9,2,0,1,26,0,0,0,0,-177613.61462576812,-4787956.778291549,4201005.399870396,-2.30135,-0.152056,0.129334,92.125,-14.0,-12.0,0.0,0.0,0.0,0.0,0.0,0.0,2,0,41.43529265377755,-92.12446495153176,10997.379656539746,99.90290183507136,-0.0034834561579909,0.0041514515012976,,10022.661867135384,12264.339701119052,150,1,2025-09-12,2025-09-26 14:27:49.254,AH,C,1662835858,AMBUSH51,1,1,48,2,1,1,225,2,1,0,0,9,1,225,2,1,-155566.31836418033,-4788059.866185479,4201215.364490639,-2.25759,1.36671,-0.837658,16.2577,79.4007,85.4944,-0.417968,-10.5472,9.30032,0.0144112,0.0598597,0.0583909,4,0,41.44066158663939,-91.86091221260251,9821.102437248252,6.56194378810769,-0.1428843936471573,43.29468836746394,189.318,10022.661867135384,12264.339701119052,150,False,11.859561692606508,False,93.31389542094978,168.51505388594998,False,98.14951823158977,False,False
1,1970-07-23 10:27:52.703594857,2025-09-12,2025-09-26 14:27:50.359,AH,C,3278190728,JASSM,3,128,76,2,2,1,225,9,2,0,1,26,0,0,0,0,-177521.48376639312,-4787970.901338424,4200993.278776646,-2.30135,-0.152056,0.129334,92.125,-14.0,-12.0,0.0,0.0,0.0,0.0,0.0,0.0,2,0,41.43514715916681,-92.12335771097932,10997.378363516864,99.903634576822,-0.0026406990289001,0.0041508903598528,,10022.661867135384,12264.339701119052,150,1,2025-09-12,2025-09-26 14:27:50.288,AH,C,1664068624,AMBUSH51,1,1,48,2,1,1,225,2,1,0,0,9,1,225,2,1,-155544.6041199192,-4787979.322176098,4201302.836649778,-2.14994,1.23392,-0.829725,26.3399,77.5765,84.6985,-0.439022,-11.1047,9.88838,0.00484883,0.0785768,0.0651403,4,0,41.44173542252859,-91.8606839236495,9811.319571626584,11.673878470473056,0.3145794060157665,43.83302041773126,188.927,10022.661867135384,12264.339701119052,150,False,11.82228566453366,False,88.3224091563842,168.15673392673472,False,103.49589719819937,False,False
1,1970-07-23 10:27:52.714515449,2025-09-12,2025-09-26 14:27:51.451,AH,C,3279443564,JASSM,3,128,76,2,2,1,225,9,2,0,1,26,0,0,0,0,-177424.73669608062,-4787985.731416549,4200980.548307896,-2.30135,-0.15196,0.129334,92.125,-14.0,-12.0,0.0,0.0,0.0,0.0,0.0,0.0,2,0,41.434994352852975,-92.12219499779872,10997.375958324294,99.9007688524922,-0.005812633510626,0.0034420564312143,,10022.661867135384,12264.339701119052,150,1,2025-09-12,2025-09-26 14:27:51.487,AH,C,1665500222,AMBUSH51,1,1,48,2,1,1,225,2,1,0,0,9,1,225,2,1,-155505.7104690118,-4787888.203483014,4201403.826879451,-2.02411,1.07815,-0.810527,38.3429,74.0368,83.0902,-0.363112,-11.3124,9.80578,0.0198853,0.0564913,0.058162,4,0,41.44296673489328,-91.8602543669856,9803.533766918328,17.82337867159131,0.9621845155602656,44.578796353684055,187.938,10022.661867135384,12264.339701119052,150,False,11.792429463886174,False,82.21124182533043,167.74982194264138,False,110.00509526029583,False,False
1,1970-07-23 10:27:52.725254548,2025-09-12,2025-09-26 14:27:52.525,AH,C,3280755778,JASSM,3,128,76,2,2,1,225,9,2,0,1,26,0,0,0,0,-177323.40271170562,-4788001.262666549,4200967.216276646,-2.30135,-0.15196,0.129334,92.125,-14.0,-12.0,0.0,0.0,0.0,0.0,0.0,0.0,2,0,41.43483431427656,-92.12097716546609,10997.378383744408,99.90157477604136,-0.0048856950927524,0.0034413943573856,,10022.661867135384,12264.339701119052,150,1,2025-09-12,2025-09-26 14:27:52.555,AH,C,1666772754,AMBUSH51,1,1,48,2,1,1,225,2,1,0,0,9,1,225,2,1,-155458.64962901565,-4787810.536343208,4201491.9768581,-1.91099,0.938548,-0.782118,48.6685,70.0366,80.7243,-0.293197,-11.3681,9.96359,0.0037253,0.0755162,0.0647908,4,0,41.44403291605853,-91.859721938277,9800.287427486155,23.615619371862408,1.5771999306419082,45.46620732992327,187.265,10022.661867135384,12264.339701119052,150,False,11.764874613167592,False,76.71998605128373,167.38731338062274,False,115.84894509341693,False,False
1,1970-07-23 10:27:52.736275808,2025-09-12,2025-09-26 14:27:53.627,AH,C,3282068116,JASSM,3,128,76,2,2,1,225,9,2,0,1,26,0,0,0,0,-177222.05993826812,-4788016.793916549,4200953.878386021,-2.30135,-0.15196,0.129334,92.125,-14.0,-12.0,0.0,0.0,0.0,0.0,0.0,0.0,2,0,41.43467422520864,-92.11975923408652,10997.37277519013,99.90238076257698,-0.0039586726147723,0.0034407087395729,,10022.661867135384,12264.339701119052,150,1,2025-09-12,2025-09-26 14:27:53.755,AH,C,1668204352,AMBUSH51,1,1,48,2,1,1,225,2,1,0,0,9,1,225,2,1,-155393.09749946414,-4787729.378750671,4201586.105949312,-1.81468,0.807429,-0.733695,59.7564,65.1573,76.6272,-0.302856,-10.5877,9.47241,0.000236148,0.0679096,0.0607274,4,0,41.44516378546184,-91.85896979013246,9799.978775689351,29.73586112319069,1.6451160242649592,45.98666899105992,186.386,10022.661867135384,12264.339701119052,150,False,11.747869471852413,False,70.4772218608331,167.0070036325585,False,122.46519184761101,False,False
1,1970-07-23 10:27:52.748686035,2025-09-12,2025-09-26 14:27:54.868,AH,C,3283380480,JASSM,3,128,76,2,2,1,225,9,2,0,1,26,0,0,0,0,-177120.71423514312,-4788032.325166549,4200940.542448521,-2.30135,-0.15196,0.129334,92.125,-14.0,-12.0,0.0,0.0,0.0,0.0,0.0,0.0,2,0,41.434514137065385,-92.11854127368174,10997.37662897129,99.90318676575696,-0.0030316266315096,0.0034400412029485,,10022.661867135384,12264.339701119052,150,1,2025-09-12,2025-09-26 14:27:54.954,AH,C,1669635950,AMBUSH51,1,1,48,2,1,1,225,2,1,0,0,9,1,225,2,1,-155315.3680151446,-4787654.231442178,4201674.245242367,-1.74252,0.687758,-0.680358,69.871,60.2782,71.3262,-0.289078,-10.8596,9.34893,-0.0117772,0.0653192,0.0585323,4,0,41.44622081005813,-91.85806970665706,9800.474513853404,35.77612267944686,1.8394807438627143,45.84633107374936,185.298,10022.661867135384,12264.339701119052,150,False,11.737763504783473,False,64.38629081234772,166.64896493375775,False,128.91489306129492,False,False
1,1970-07-23 10:27:52.761852857,2025-09-12,2025-09-26 14:27:56.185,AH,C,3284692832,JASSM,3,128,76,2,2,1,225,9,2,0,1,26,0,0,0,0,-177019.37048514312,-4788047.854463424,4200927.202604771,-2.30135,-0.15196,0.129334,92.125,-14.0,-12.0,0.0,0.0,0.0,0.0,0.0,0.0,2,0,41.43435402086298,-92.1173233434659,10997.372866935184,99.90399274639752,-0.0021045958901568,0.00343935556091,,10022.661867135384,12264.339701119052,150,1,2025-09-12,2025-09-26 14:27:56.122,AH,C,1671027782,AMBUSH51,1,1,48,2,1,1,225,2,1,0,0,9,1,225,2,1,-155228.1207470678,-4787586.808231401,4201753.9530983325,-1.69106,0.590621,-0.621812,78.6451,54.8786,65.8373,-0.336618,-10.3792,9.06113,-0.0025352,0.0593271,0.0643289,4,0,41.44717679776048,-91.85705281470712,9800.896471598806,41.33066868522276,1.723301162384484,45.59140395880544,184.174,10022.661867135384,12264.339701119052,150,False,11.732966124189591,False,58.6443712508614,166.32127095697035,False,134.98121184258747,False,False
1,1970-07-23 10:27:52.768474343,2025-09-12,2025-09-26 14:27:56.847,AH,C,3285945530,JASSM,3,128,76,2,2,1,225,9,2,0,1,26,0,0,0,0,-176922.63220389312,-4788062.676729049,4200914.470182896,-2.30135,-0.15196,0.12943,92.125,-14.0,-12.0,0.0,0.0,0.0,0.0,0.0,0.0,2,0,41.43420118492864,-92.1161607670772,10997.373775054168,99.90885320452756,-0.0048854613981854,0.0034384987274559,,10022.661867135384,12264.339701119052,150,1,2025-09-12,2025-09-26 14:27:56.988,AH,C,1672061714,AMBUSH51,1,1,48,2,1,1,225,2,1,0,0,9,1,225,2,1,-155156.6902961503,-4787540.457176537,4201809.335845993,-1.65546,0.522203,-0.57442,84.6167,50.958,60.9908,-0.298611,-10.2828,8.888,-0.0032967,0.054806,0.0587695,4,0,41.44784016562531,-91.85621682150766,9801.553465790732,45.55804352706273,1.6212433146457947,45.54629934281247,183.404,10022.661867135384,12264.339701119052,150,False,11.721651735930026,False,54.39405030580275,166.07854093509494,False,139.47901756845363,False,False
1,1970-07-23 10:27:52.784018488,2025-09-12,2025-09-26 14:27:58.401,AH,C,3287317724,JASSM,3,128,76,2,2,1,225,9,2,0,1,26,0,0,0,0,-176816.66736014312,-4788078.913057174,4200900.520964146,-2.30135,-0.15196,0.12943,92.125,-14.0,-12.0,0.0,0.0,0.0,0.0,0.0,0.0,2,0,41.434033740021945,-92.11488731427389,10997.376149022375,99.90969592268068,-0.0039161597854709,0.0034378498586925,,10022.661867135384,12264.339701119052,150,1,2025-09-12,2025-09-26 14:27:58.388,AH,C,1673731914,AMBUSH51,1,1,48,2,1,1,225,2,1,0,0,9,1,225,2,1,-155032.7369236463,-4787474.2651950745,4201888.36591913,-1.60481,0.416511,-0.495637,93.1283,43.9602,52.6321,-0.373818,-10.6132,9.33473,0.00123899,0.0622753,0.0568491,4,0,41.44879131180238,-91.8547605674824,9800.624356479984,52.45228318473105,1.6438505981186016,45.55276332145704,182.499,10022.661867135384,12264.339701119052,150,False,11.734758065803398,False,47.560194725908964,165.75556151390208,False,146.64184965784779,False,False
1,1970-07-23 10:27:52.793121860,2025-09-12,2025-09-26 14:27:59.312,AH,C,3288629886,JASSM,3,128,76,2,2,1,225,9,2,0,1,26,0,0,0,0,-176715.33728201812,-4788094.436494674,4200887.181120396,-2.30135,-0.15196,0.12943,92.125,-14.0,-12.0,0.0,0.0,0.0,0.0,0.0,0.0,2,0,41.433873616992834,-92.113669567983,10997.375690480434,99.91050177395776,-0.0029892569749494,0.0034372402386587,,10022.661867135384,12264.339701119052,150,1,2025-09-12,2025-09-26 14:27:59.322,AH,C,1674845378,AMBUSH51,1,1,48,2,1,1,225,2,1,0,0,9,1,225,2,1,-154942.87570679927,-4787435.679794146,4201935.078023667,-1.57392,0.344043,-0.437159,98.2072,38.3151,46.7574,-0.545507,-10.6604,9.91256,0.00109335,0.0780941,0.062912,4,0,41.44935348654244,-91.85370117752652,9800.084823218787,57.45114037262429,1.7564678134173357,45.60219781496407,182.011,10022.661867135384,12264.339701119052,150,False,11.731035450183636,False,42.79909183188256,165.54234772268973,False,151.61153138900124,False,False
1,1970-07-23 10:27:52.805821248,2025-09-12,2025-09-26 14:28:00.582,AH,C,3290001888,JASSM,3,128,76,2,2,1,225,9,2,0,1,26,0,0,0,0,-176609.38708670562,-4788110.666963424,4200873.231901646,-2.30135,-0.151864,0.12943,92.125,-14.0,-12.0,0.0,0.0,0.0,0.0,0.0,0.0,2,0,41.43370617615744,-92.11239630561752,10997.376727939594,99.9077092824204,-0.0060770061225587,0.0027278595243255,,10022.661867135384,12264.339701119052,150,1,2025-09-12,2025-09-26 14:28:00.589,AH,C,1676356510,AMBUSH51,1,1,48,2,1,1,225,2,1,0,0,9,1,225,2,1,-154814.77283799948,-4787392.296585326,4201989.264591663,-1.54305,0.251643,-0.358156,103.923,30.1686,38.7127,-0.173446,-10.6324,9.57707,-0.00177163,0.0767355,0.0644475,4,0,41.45000200357151,-91.85218642460276,9800.952406479986,64.10554645264608,2.027565571786749,45.53796364650822,180.825,10022.661867135384,12264.339701119052,150,False,11.745868458542637,False,36.43716516959871,165.3090657645646,False,158.1887043516786,False,False
1,1970-07-23 10:27:52.813374400,2025-09-12,2025-09-26 14:28:01.337,AH,C,3291254586,JASSM,3,128,76,2,2,1,225,9,2,0,1,26,0,0,0,0,-176512.64880545562,-4788125.483369674,4200860.495573521,-2.30135,-0.151864,0.12943,92.125,-14.0,-12.0,0.0,0.0,0.0,0.0,0.0,0.0,2,0,41.433553298934285,-92.111233754932,10997.375946248878,99.90847860275652,-0.0051921098194208,0.0027272355628229,,10022.661867135384,12264.339701119052,150,1,2025-09-12,2025-09-26 14:28:01.199,AH,C,1677072310,AMBUSH51,1,1,48,2,1,1,225,2,1,0,0,9,1,225,2,1,-154751.63809170993,-4787375.341495992,4202011.08168485,-1.52575,0.206929,-0.320138,106.339,26.1208,34.5885,-0.324639,-10.7394,10.0187,0.000625219,0.0741035,0.0499936,4,0,41.45026228408327,-91.85143816595146,9801.64562404906,67.35166928655842,2.27697698779626,45.79839105304097,180.495,10022.661867135384,12264.339701119052,150,False,11.729417240612548,False,33.31596412857817,165.1808685284376,False,161.42574418319774,False,False
1,1970-07-23 10:27:52.835356415,2025-09-12,2025-09-26 14:28:03.535,AH,C,3293879288,JASSM,3,128,76,2,2,1,225,9,2,0,1,26,0,0,0,0,-176309.95935233062,-4788156.526338424,4200833.804167271,-2.30135,-0.151864,0.12943,92.125,-14.0,-12.0,0.0,0.0,0.0,0.0,0.0,0.0,2,0,41.43323291321588,-92.10879795588323,10997.375743820654,99.91009049027666,-0.0033380383103153,0.0027258946531453,,10022.661867135384,12264.339701119052,150,1,2025-09-12,2025-09-26 14:28:03.587,AH,C,1679935506,AMBUSH51,1,1,48,2,1,1,225,2,1,0,0,9,1,225,2,1,-154487.58367697155,-4787332.253030837,4202073.553012222,-1.4898,0.0540841,-0.158157,113.13,9.85942,17.3331,-0.356071,-10.0295,9.75615,-0.0010663,0.0609313,0.0537178,4,0,41.450991035665695,-91.8482978537252,9810.459443178115,79.94666156219908,2.31718933454484,46.2799943484537,180.202,10022.661867135384,12264.339701119052,150,False,11.766583627255624,False,20.996305330607534,164.88912864668384,False,173.89071812798804,False,False
1,1970-07-23 10:27:52.845478259,2025-09-12,2025-09-26 14:28:04.547,AH,C,3295131988,JASSM,3,128,76,2,2,1,225,9,2,0,1,26,0,0,0,0,-176213.22204764312,-4788171.340791549,4200821.063932896,-2.30135,-0.151864,0.12943,92.125,-14.0,-12.0,0.0,0.0,0.0,0.0,0.0,0.0,2,0,41.43307998467428,-92.10763543461572,10997.377247283332,99.91085978391676,-0.0024531486159797,0.0027252542127701,,10022.661867135384,12264.339701119052,150,1,2025-09-12,2025-09-26 14:28:04.588,AH,C,1681128506,AMBUSH51,1,1,48,2,1,1,225,2,1,0,0,9,1,225,2,1,-154373.9184168446,-4787325.208959456,4202087.235831903,-1.49119,-0.00176474,-0.0877073,114.422,3.40958,9.97179,-0.307459,-9.98221,9.5369,0.00168216,0.0605984,0.0635112,4,0,41.45114710985585,-91.84694161427706,9813.85190577027,85.07810421023198,2.019477148696037,46.00228167187159,180.031,10022.661867135384,12264.339701119052,150,False,11.776981598237441,False,16.072248867942623,164.8029963156333,False,178.26051076528267,False,False
1,1970-07-23 10:27:52.855475937,2025-09-12,2025-09-26 14:28:05.547,AH,C,3292567214,JASSM,3,128,76,2,2,1,225,9,2,0,1,26,0,0,0,0,-176411.28259451812,-4788141.008760299,4200847.147917271,-2.30135,-0.151864,0.12943,92.125,-14.0,-12.0,0.0,0.0,0.0,0.0,0.0,0.0,2,0,41.43339308080984,-92.11001559395608,10997.376516543418,99.90928472081356,-0.0042648777389825,0.0027265672380455,,10022.661867135384,12264.339701119052,150,1,2025-09-12,2025-09-26 14:28:05.454,AH,C,1682162438,AMBUSH51,1,1,48,2,1,1,225,2,1,0,0,9,1,225,2,1,-154275.19285408614,-4787324.270379088,4202092.792047327,-1.48731,-0.050146,-0.0300533,114.967,-2.01503,3.49704,-0.264078,-9.82185,9.53728,0.00577469,0.0599242,0.0622608,4,0,41.45120912833716,-91.84576163283838,9815.790440278188,89.38899885301134,1.90972776196784,46.20922903081161,180.202,10022.661867135384,12264.339701119052,150,False,11.935043507210208,False,11.853622174064547,164.94628135353213,False,176.55352280142503,False,False
1,1970-07-23 10:27:52.870152795,2025-09-12,2025-09-26 14:28:07.015,AH,C,3297697038,JASSM,3,128,76,2,2,1,225,9,2,0,1,26,0,0,0,0,-176015.13903983062,-4788201.670869674,4200794.972136021,-2.30135,-0.151864,0.129526,92.125,-14.0,-12.0,0.0,0.0,0.0,0.0,0.0,0.0,2,0,41.43276680310756,-92.10525503060563,10997.375148244735,99.9165261558338,-0.0043069296182613,0.0027237632358089,,10022.661867135384,12264.339701119052,150,1,2025-09-12,2025-09-26 14:28:07.056,AH,C,1684071236,AMBUSH51,1,1,48,2,1,1,225,2,1,0,0,9,1,225,2,1,-154091.67413783562,-4787334.976341119,4202087.849809922,-1.49687,-0.14303,0.0768067,114.217,-12.1846,-8.67768,-0.291008,-10.0716,9.60935,0.00106422,0.0745612,0.0575232,4,0,41.45114723594876,-91.84356339527926,9816.842791701676,97.50396674727943,1.8267798149928,46.05100731863284,180.324,10022.661867135384,12264.339701119052,150,False,11.823472378777227,False,3.943329578850533,164.7310986902603,False,168.6491570092598,False,False
1,1970-07-23 10:27:52.877861384,2025-09-12,2025-09-26 14:28:07.786,AH,C,3296384686,JASSM,3,128,76,2,2,1,225,9,2,0,1,26,0,0,0,0,-176116.48376639312,-4788186.153291549,4200808.321745396,-2.30135,-0.151864,0.12943,92.125,-14.0,-12.0,0.0,0.0,0.0,0.0,0.0,0.0,2,0,41.432927043041424,-92.10647290799434,10997.37462181219,99.91162907876348,-0.0015682506829913,0.0027246138020078,,10022.661867135384,12264.339701119052,150,1,2025-09-12,2025-09-26 14:28:07.888,AH,C,1685065402,AMBUSH51,1,1,48,2,1,1,225,2,1,0,0,9,1,225,2,1,-153995.9889047527,-4787347.20668817,4202077.923041002,-1.50476,-0.196429,0.133964,112.998,-17.7675,-14.8921,-0.380206,-10.3076,9.93717,0.00502776,0.068567,0.0651798,4,0,41.451025782606656,-91.84241469617744,9817.775639129915,101.97641478849968,1.8944252928029608,46.06592194387963,180.483,10022.661867135384,12264.339701119052,150,False,11.927890592348966,False,0.3030808651172628,164.85948878055237,False,164.5935879401688,False,False
1,1970-07-23 10:27:52.886253246,2025-09-12,2025-09-26 14:28:08.625,AH,C,3299009388,JASSM,3,128,76,2,2,1,225,9,2,0,1,26,0,0,0,0,-175913.79431326812,-4788217.186494674,4200781.622526646,-2.30135,-0.151864,0.129526,92.125,-14.0,-12.0,0.0,0.0,0.0,0.0,0.0,0.0,2,0,41.43260656190061,-92.10403716006492,10997.37636206242,99.91733206914634,-0.0033798970731047,0.0027231668123046,,10022.661867135384,12264.339701119052,150,1,2025-09-12,2025-09-26 14:28:08.754,AH,C,1686099334,AMBUSH51,1,1,48,2,1,1,225,2,1,0,0,9,1,225,2,1,-153899.2558739573,-4787364.654419649,4202061.654574181,-1.51385,-0.249805,0.190755,110.889,-23.5363,-21.1094,-0.31261,-10.0712,9.74293,-0.00406236,0.0587778,0.0669712,4,0,41.450830673519896,-91.84125146896068,9817.680633013562,106.41733205788624,1.914953031708288,46.18790391661939,180.532,10022.661867135384,12264.339701119052,150,False,11.871635173222675,False,4.604878788156271,164.79698520953744,False,160.1921452125971,False,False
1,1970-07-23 10:27:52.889315603,2025-09-12,2025-09-26 14:28:08.931,AH,C,3300262088,JASSM,3,128,76,2,2,1,225,9,2,0,1,26,0,0,0,0,-175817.05798514312,-4788231.995088424,4200768.878386021,-2.30135,-0.151768,0.129526,92.125,-14.0,-12.0,0.0,0.0,0.0,0.0,0.0,0.0,2,0,41.43245359353868,-92.10287467539167,10997.37554909234,99.91446634680062,-0.0065519280378318,0.0020133635887173,,10022.661867135384,12264.339701119052,150,1,2025-09-12,2025-09-26 14:28:09.020,AH,C,1686417466,AMBUSH51,1,1,48,2,1,1,225,2,1,0,0,9,1,225,2,1,-153870.53820065135,-4787370.872471742,4202055.696742585,-1.51769,-0.265657,0.207651,110.153,-25.179,-23.0395,-0.286747,-10.0628,9.72504,0.000808311,0.0582286,0.0575316,4,0,41.45075895614377,-91.84090573759536,9817.75511768077,107.73344654793448,1.9052696621122664,46.19123068636742,180.605,10022.661867135384,12264.339701119052,150,False,11.835529995707693,False,5.913424715369357,164.75662484626596,False,158.84416585201117,False,False
1,1970-07-23 10:27:52.907792376,2025-09-12,2025-09-26 14:28:10.779,AH,C,3301514786,JASSM,3,128,76,2,2,1,225,9,2,0,1,26,0,0,0,0,-175720.31823904935,-4788246.803682174,4200756.132292271,-2.30135,-0.151768,0.129526,92.125,-14.0,-12.0,0.0,0.0,0.0,0.0,0.0,0.0,2,0,41.432300600995454,-92.10171215533263,10997.375188006225,99.91523562782083,-0.0056670178618208,0.0020127293300037,,10022.661867135384,12264.339701119052,150,1,2025-09-12,2025-09-26 14:28:10.688,AH,C,1688405798,AMBUSH51,1,1,48,2,1,1,225,2,1,0,0,9,1,225,2,1,-153692.00745812585,-4787420.4855250055,4202006.262602382,-1.54907,-0.369805,0.316695,104.014,-35.1014,-35.5018,-0.269635,-9.89388,9.61279,0.000367225,0.0725868,0.0565537,4,0,41.45016422457595,-91.83875222203552,9818.237475751745,116.23437880880644,1.7097723777475884,46.21195807558246,180.776,10022.661867135384,12264.339701119052,150,False,11.877524179857243,False,14.38844972453468,164.90210157499757,False,150.53333968062293,False,False
1,1970-07-23 10:27:52.909453215,2025-09-12,2025-09-26 14:28:10.945,AH,C,3302707834,JASSM,3,128,76,2,2,1,225,9,2,0,1,26,0,0,0,0,-175628.18640311187,-4788260.905244674,4200743.991667271,-2.30135,-0.151768,0.129526,92.125,-14.0,-12.0,0.0,0.0,0.0,0.0,0.0,0.0,2,0,41.43215488364217,-92.10060501426656,10997.371803577436,99.91596826041192,-0.0048242580570626,0.0020121239339448,,10022.661867135384,12264.339701119052,150,1,2025-09-12,2025-09-26 14:28:10.987,AH,C,1688763698,AMBUSH51,1,1,48,2,1,1,225,2,1,0,0,9,1,225,2,1,-153660.31230156065,-4787431.433176634,4201994.973778925,-1.55639,-0.390689,0.335375,102.724,-36.9288,-37.3597,-0.339522,-10.0699,9.69622,-0.00258514,0.0651257,0.0639772,4,0,41.45002894606135,-91.83836908430489,9818.127146014416,117.79378121619506,1.7499051313918932,46.22312537576632,180.813,10022.661867135384,12264.339701119052,150,False,11.845171708083559,False,15.829916422496064,164.8842732140557,False,149.07195169972942,False,False
1,1970-07-23 10:27:52.919472730,2025-09-12,2025-09-26 14:28:11.947,AH,C,3303960532,JASSM,3,128,76,2,2,1,225,9,2,0,1,26,0,0,0,0,-175531.44812186187,-4788275.711885299,4200731.245573521,-2.30126,-0.151768,0.129526,92.125,-14.0,-12.0,0.0,0.0,0.0,0.0,0.0,0.0,2,0,41.43200187946113,-92.09944252322693,10997.376537058182,99.91673751766524,-0.0039393633417863,0.007502970444163,,10022.661867135384,12264.339701119052,150,1,2025-09-12,2025-09-26 14:28:12.054,AH,C,1690036230,AMBUSH51,1,1,48,2,1,1,225,2,1,0,0,9,1,225,2,1,-153553.6782303896,-4787473.599749282,4201950.599430576,-1.59264,-0.466239,0.404475,97.4369,-43.1094,-44.2823,-0.247342,-10.095,9.83297,0.00289099,0.062912,0.0690955,4,0,41.449498909918006,-91.83707803518826,9816.984779013192,123.44945326471849,1.6822481802691676,45.88213254160362,181.143,10022.661867135384,12264.339701119052,150,False,11.848933042450613,False,21.135172779163803,164.9941842729521,False,143.87719961275596,False,False
1,1970-07-23 10:27:52.932200703,2025-09-12,2025-09-26 14:28:13.220,AH,C,3305213230,JASSM,3,128,76,2,2,1,225,9,2,0,1,26,0,0,0,0,-175434.70984061187,-4788290.516572799,4200718.495573521,-2.30126,-0.151768,0.129526,92.125,-14.0,-12.0,0.0,0.0,0.0,0.0,0.0,0.0,2,0,41.43184884879743,-92.0982800385026,10997.372989644882,99.9175067684031,-0.0030544666976354,0.0075023301936946,,10022.661867135384,12264.339701119052,150,1,2025-09-12,2025-09-26 14:28:13.121,AH,C,1691308762,AMBUSH51,1,1,48,2,1,1,225,2,1,0,0,9,1,225,2,1,-153453.09788323805,-4787522.125372602,4201898.847755903,-1.63165,-0.542252,0.465487,91.1522,-48.5597,-51.5552,-0.272849,-10.05,9.83561,-0.0140138,0.0692037,0.0588174,4,0,41.44888007490077,-91.83585694521308,9815.935093219552,128.72603137892992,1.71801490973019,45.6406597597608,181.192,10022.661867135384,12264.339701119052,150,False,11.849143748767384,False,26.6158882599858,165.12822373260155,False,138.54121803301962,False,False
1,1970-07-23 10:27:52.941251995,2025-09-12,2025-09-26 14:28:14.125,AH,C,3306465930,JASSM,3,128,76,2,2,1,225,9,2,0,1,26,0,0,0,0,-175337.97155936187,-4788305.321260299,4200705.747526646,-2.30126,-0.151768,0.129526,92.125,-14.0,-12.0,0.0,0.0,0.0,0.0,0.0,0.0,2,0,41.43169581956178,-92.09711755923844,10997.378683258736,99.91827601318948,-0.0021695722996099,0.0075017028792546,,10022.661867135384,12264.339701119052,150,1,2025-09-12,2025-09-26 14:28:14.054,AH,C,1692422226,AMBUSH51,1,1,48,2,1,1,225,2,1,0,0,9,1,225,2,1,-153371.10967297852,-4787569.059539616,4201848.417722906,-1.67178,-0.616729,0.51779,85.2746,-53.4385,-56.6569,-0.277535,-10.3808,10.0273,-0.011461,0.0625021,0.0654108,4,0,41.44827607202856,-91.83485876320248,9815.315645628418,133.5366147800983,1.8251604041485407,45.50611775619024,181.229,10022.661867135384,12264.339701119052,150,False,11.839503880693098,False,31.169850174277062,165.25398578727683,False,134.10907149636606,False,False
1,1970-07-23 10:27:52.951291091,2025-09-12,2025-09-26 14:28:15.129,AH,C,3307658976,JASSM,3,128,76,2,2,1,225,9,2,0,1,26,0,0,0,0,-175245.83923514312,-4788319.418916549,4200693.602995396,-2.30126,-0.151768,0.129526,92.125,-14.0,-12.0,0.0,0.0,0.0,0.0,0.0,0.0,2,0,41.43155005497624,-92.09601043459983,10997.375995919416,99.91900862611108,-0.0013268088426245,0.0075010948881804,,10022.661867135384,12264.339701119052,150,1,2025-09-12,2025-09-26 14:28:15.121,AH,C,1693694758,AMBUSH51,1,1,48,2,1,1,225,2,1,0,0,9,1,225,2,1,-153284.47038831972,-4787628.4744749,4201784.159796689,-1.71793,-0.706184,0.575176,77.5684,-58.7183,-62.1995,-0.243055,-10.1548,9.93253,0.00444519,0.0642394,0.0615284,4,0,41.447505353886925,-91.83380021768744,9814.982891608995,139.0145865516888,1.86520434125479,45.7041244325944,181.314,10022.661867135384,12264.339701119052,150,False,11.834260391883959,False,36.55661667179395,165.4320942949953,False,128.89734232258442,False,False
1,1970-07-23 10:27:52.961310417,2025-09-12,2025-09-26 14:28:16.131,AH,C,3308911674,JASSM,3,128,76,2,2,1,225,9,2,0,1,26,0,0,0,0,-175149.10095389312,-4788334.219697799,4200680.851042271,-2.30126,-0.151768,0.129526,92.125,-14.0,-12.0,0.0,0.0,0.0,0.0,0.0,0.0,2,0,41.43139699969082,-92.09484796770558,10997.373370200776,99.91977785814782,-0.0004419151249688,0.0075004642019062,,10022.661867135384,12264.339701119052,150,1,2025-09-12,2025-09-26 14:28:16.121,AH,C,1694887758,AMBUSH51,1,1,48,2,1,1,225,2,1,0,0,9,1,225,2,1,-153210.94676152355,-4787688.8008901365,4201718.443848876,-1.78,-0.792352,0.624486,69.8927,-62.7407,-67.2123,-0.505236,-9.88348,9.69999,-0.0742845,0.0650384,0.0610228,4,0,41.44671686426406,-91.83289814716322,9814.763590435365,143.97534560641708,1.8383366496995752,45.09775241999476,181.314,10022.661867135384,12264.339701119052,150,False,11.819586518665307,False,41.52451373979357,165.60978350348637,False,124.11025494493677,False,False
1,1970-07-23 10:27:52.972431823,2025-09-12,2025-09-26 14:28:17.243,AH,C,3310224024,JASSM,3,128,76,2,2,1,225,9,2,0,1,26,0,0,0,0,-175047.75622733062,-4788349.725557174,4200667.491667271,-2.30126,-0.151672,0.129621,92.125,-14.0,-12.0,0.0,0.0,0.0,0.0,0.0,0.0,2,0,41.43123664051053,-92.0936301526474,10997.376277617004,99.92104002911977,-0.0072374506721355,0.0067899932223272,,10022.661867135384,12264.339701119052,150,1,2025-09-12,2025-09-26 14:28:17.321,AH,C,1696319356,AMBUSH51,1,1,48,2,1,1,225,2,1,0,0,9,1,225,2,1,-153133.20039146068,-4787766.422019438,4201634.38131392,-2.02776,-0.907327,0.672115,60.7183,-67.2894,-71.3752,-0.161325,-10.0688,9.82672,-0.167861,0.0604923,0.0515811,4,0,41.445702433122925,-91.83193900286948,9816.887697058808,149.88493692969374,2.1895091379342526,35.09171739493908,181.803,10022.661867135384,12264.339701119052,150,False,11.804135960609646,False,46.99847236243633,165.85111149089607,False,118.87193450015116,False,False
1,1970-07-23 10:27:52.982471972,2025-09-12,2025-09-26 14:28:18.247,AH,C,3311476712,JASSM,3,128,76,2,2,1,225,9,2,0,1,26,0,0,0,0,-174951.01843436187,-4788364.524385299,4200654.737761021,-2.30126,-0.151672,0.129621,92.125,-14.0,-12.0,0.0,0.0,0.0,0.0,0.0,0.0,2,0,41.4310835595055,-92.09246770362373,10997.3748939735,99.92180924462798,-0.0063525615543614,0.0067893669911008,,10022.661867135384,12264.339701119052,150,1,2025-09-12,2025-09-26 14:28:18.121,AH,C,1697273756,AMBUSH51,1,1,48,2,1,1,225,2,1,0,0,9,1,225,2,1,-153086.95612581685,-4787821.677126782,4201576.790115154,-2.22208,-0.974705,0.674682,55.9803,-71.0954,-71.3585,-0.170123,-10.1343,9.88034,-0.200394,0.0544918,0.03431,4,0,41.44499374029646,-91.83136503634098,9824.00542069286,152.63406561778882,3.451354892869785,26.501080579394653,181.888,10022.661867135384,12264.339701119052,150,False,11.775352729170999,False,49.658613071919646,166.00207837243224,False,116.34704543807058,False,False
1,1970-07-23 10:27:52.994169986,2025-09-12,2025-09-26 14:28:19.416,AH,C,3312669884,JASSM,3,128,76,2,2,1,225,9,2,0,1,26,0,0,0,0,-174858.87683279935,-4788378.618135299,4200642.589323521,-2.30126,-0.151672,0.129621,92.125,-14.0,-12.0,0.0,0.0,0.0,0.0,0.0,0.0,2,0,41.430937749065805,-92.09136049063582,10997.372341672904,99.92254190718386,-0.0055097171991414,0.0067887785652197,,10022.661867135384,12264.339701119052,150,1,2025-09-12,2025-09-26 14:28:19.387,AH,C,1698784886,AMBUSH51,1,1,48,2,1,1,225,2,1,0,0,9,1,225,2,1,-153020.8317435396,-4787914.337541636,4201483.992903831,-2.46295,-1.03069,0.663354,49.3612,-74.5627,-72.164,-0.148004,-9.14305,8.91636,-0.16885,0.0205636,0.0179628,4,0,41.44382861937308,-91.8305391318484,9845.058891076482,154.6429128023989,5.108194750519227,14.840009916036276,181.143,10022.661867135384,12264.339701119052,150,False,11.758574996419327,False,53.26431855743873,166.29355091161364,False,113.02928728575392,False,False
1,1970-07-23 10:27:53.004256559,2025-09-12,2025-09-26 14:28:20.425,AH,C,3313982126,JASSM,3,128,76,2,2,1,225,9,2,0,1,26,0,0,0,0,-174757.53991873687,-4788394.120088424,4200629.227995396,-2.30126,-0.151672,0.129621,92.125,-14.0,-12.0,0.0,0.0,0.0,0.0,0.0,0.0,2,0,41.430777361329326,-92.090142787806,10997.377824498628,99.92334768038782,-0.0045827578641043,0.0067881179017355,,10022.661867135384,12264.339701119052,150,1,2025-09-12,2025-09-26 14:28:20.454,AH,C,1700057418,AMBUSH51,1,1,48,2,1,1,225,2,1,0,0,9,1,225,2,1,-152970.14046076027,-4787994.220328981,4201407.888573815,-2.61995,-1.06087,0.656305,46.673,-76.4821,-71.0361,-0.171523,-8.27486,7.99627,-0.122852,0.0146443,0.00918687,4,0,41.44284924766765,-91.82990263084707,9872.174950614117,155.74132724864404,6.023806388623963,7.011259784065392,179.994,10022.661867135384,12264.339701119052,150,True,11.729378158103145,False,54.60052776955719,166.52396255707177,False,111.92590475306719,False,False
1,1970-07-23 10:27:53.019774456,2025-09-12,2025-09-26 14:28:21.977,AH,C,3315294472,JASSM,3,128,76,2,2,1,225,9,2,0,1,26,0,0,0,0,-174656.19470389312,-4788409.620088424,4200615.864714146,-2.30126,-0.151672,0.129621,92.125,-14.0,-12.0,0.0,0.0,0.0,0.0,0.0,0.0,2,0,41.43061696094687,-92.08892499263168,10997.379009163593,99.92415351213,-0.0036557259185753,0.0067874701388324,,10022.661867135384,12264.339701119052,150,1,2025-09-12,2025-09-26 14:28:21.954,AH,C,1701846918,AMBUSH51,1,1,48,2,1,1,225,2,1,0,0,9,1,225,2,1,-152900.66582061572,-4788109.906554067,4201301.224978384,-2.76356,-1.06306,0.651157,45.5271,-77.3711,-69.608,-0.120554,-7.31353,7.08484,-0.0535472,-0.00400202,-0.000614816,4,0,41.4414541258998,-91.8290279438714,9919.476871476412,155.71881814815424,6.335701332434921,-1.1433535359234064,177.99,10022.661867135384,12264.339701119052,150,True,11.709654302778704,False,55.058481195979375,166.88075494267878,False,111.83103304532749,False,False
1,1970-07-23 10:27:53.032472989,2025-09-12,2025-09-26 14:28:23.247,AH,C,3317441958,JASSM,3,128,76,2,2,1,225,9,2,0,1,26,0,0,0,0,-174490.35681326812,-4788434.981416549,4200593.993620396,-2.30126,-0.151672,0.129621,92.125,-14.0,-12.0,0.0,0.0,0.0,0.0,0.0,0.0,2,0,41.43035444721751,-92.0869322476479,10997.378607824048,99.92547213323654,-0.0021387607246785,0.0067863979634817,,10022.661867135384,12264.339701119052,150,1,2025-09-12,2025-09-26 14:28:23.254,AH,C,1703397816,AMBUSH51,1,1,48,2,1,1,225,2,1,0,0,9,1,225,2,1,-152841.4791870865,-4788208.265844111,4201211.379069188,-2.85372,-1.05422,0.656498,45.9071,-76.026,-69.2,-0.0228475,-6.21318,5.99622,-0.0478693,-0.0126927,-0.0125325,4,0,41.44027366207489,-91.82828289045848,9961.52537352854,155.4671317357291,5.898366578567058,-6.644088152997577,176.426,10022.661867135384,12264.339701119052,150,True,11.650717018312028,False,54.62402643196123,167.13543046660783,False,112.51763937711256,False,False
1,1970-07-23 10:27:53.034700115,2025-09-12,2025-09-26 14:28:23.470,AH,C,3316368214,JASSM,3,128,76,2,2,1,225,9,2,0,1,26,0,0,0,0,-174573.27575858062,-4788422.299775924,4200604.929167271,-2.30126,-0.151672,0.129621,92.125,-14.0,-12.0,0.0,0.0,0.0,0.0,0.0,0.0,2,0,41.43048571420956,-92.08792861855837,10997.374570888887,99.92481282458868,-0.0028972446461548,0.0067869397371903,,10022.661867135384,12264.339701119052,150,1,2025-09-12,2025-09-26 14:28:23.653,AH,C,1703875014,AMBUSH51,1,1,48,2,1,1,225,2,1,0,0,9,1,225,2,1,-152822.7564233148,-4788238.867930726,4201183.040144265,-2.86075,-1.04736,0.662278,46.1596,-75.5148,-69.2668,0.0190574,-5.87162,5.74987,-0.0157532,-0.0227503,-0.00995877,4,0,41.43990384687868,-91.82804740619916,9973.74855059678,155.3121297273442,5.471889200864076,-7.302478639859361,176.047,10022.661867135384,12264.339701119052,150,True,11.70454715754972,False,54.43894732734178,167.2965051618139,False,112.86227511961206,False,False
1,1970-07-23 10:27:53.042515653,2025-09-12,2025-09-26 14:28:24.251,AH,C,3318635004,JASSM,3,128,76,2,2,1,225,9,2,0,1,26,0,0,0,0,-174398.22497733062,-4788449.069307174,4200581.841276646,-2.30126,-0.151672,0.129621,92.125,-14.0,-12.0,0.0,0.0,0.0,0.0,0.0,0.0,2,0,41.43020858988452,-92.08582517868484,10997.376727398769,99.92620468988278,-0.0012960054342413,0.0067858002215959,,10022.661867135384,12264.339701119052,150,1,2025-09-12,2025-09-26 14:28:24.354,AH,C,1704710114,AMBUSH51,1,1,48,2,1,1,225,2,1,0,0,9,1,225,2,1,-152790.33748085357,-4788290.878945411,4201134.106150876,-2.85984,-1.02997,0.673567,46.6522,-74.2616,-69.8486,0.00767542,-5.57445,5.18302,-0.00533777,-0.0221511,-0.0117418,4,0,41.43927023485789,-91.8276400389405,9992.807807142804,154.85468342780365,4.565755105682344,-7.907787920443824,175.228,10022.661867135384,12264.339701119052,150,True,11.627367687736834,False,54.106112604566356,167.382909859018,False,113.27807843370515,False,False
1,1970-07-23 10:27:53.053790115,2025-09-12,2025-09-26 14:28:25.379,AH,C,3319708746,JASSM,3,128,76,2,2,1,225,9,2,0,1,26,0,0,0,0,-174315.30554373687,-4788461.747041549,4200570.903776646,-2.30126,-0.151672,0.129621,92.125,-14.0,-12.0,0.0,0.0,0.0,0.0,0.0,0.0,2,0,41.43007731484325,-92.08482881211458,10997.374634318436,99.92686399203008,-0.0005375201764805,0.0067852689334722,,10022.661867135384,12264.339701119052,150,1,2025-09-12,2025-09-26 14:28:25.486,AH,C,1706062180,AMBUSH51,1,1,48,2,1,1,225,2,1,0,0,9,1,225,2,1,-152737.27207546355,-4788372.336398417,4201054.301086412,-2.85723,-1.0008,0.6923,47.5385,-71.7965,-71.0784,-0.0609566,-5.55068,5.1268,0.0128924,-0.0161277,-0.0140555,4,0,41.43825696804341,-91.82697465495076,10015.608308863531,154.12148084432624,3.0512866665828944,-8.861870104715553,174.202,10022.661867135384,12264.339701119052,150,True,11.6101605767646,False,53.51521773767048,167.63936803271963,False,114.12518926003204,False,False
1,1970-07-23 10:27:53.061331209,2025-09-12,2025-09-26 14:28:26.133,AH,C,3320842130,JASSM,3,128,76,2,2,1,225,9,2,0,1,26,0,0,0,0,-174227.78064139312,-4788475.129854049,4200559.358854771,-2.30126,-0.151576,0.129717,92.125,-14.0,-12.0,0.0,0.0,0.0,0.0,0.0,0.0,2,0,41.42993873407155,-92.0837771098094,10997.378853438997,99.92801636641296,-0.007459416363229,0.0060743719524561,,10022.661867135384,12264.339701119052,150,1,2025-09-12,2025-09-26 14:28:26.221,AH,C,1706937046,AMBUSH51,1,1,48,2,1,1,225,2,1,0,0,9,1,225,2,1,-152702.15672487122,-4788424.024164501,4201001.599752563,-2.82684,-0.986356,0.703546,48.1433,-70.0511,-71.9185,-0.0905909,-5.64393,4.89023,0.0174156,-0.0250972,-0.0141699,4,0,41.43760037345885,-91.82653520240105,10025.489810287794,153.82544883855297,2.19785619736305,-7.666061870188495,173.909,10022.661867135384,12264.339701119052,150,True,11.581392049619824,False,53.11365497297008,167.78619879681023,False,114.67905960231946,False,False
1,1970-07-23 10:27:53.070470344,2025-09-12,2025-09-26 14:28:27.047,AH,C,3321975532,JASSM,3,128,76,2,2,1,225,9,2,0,1,26,0,0,0,0,-174140.25427420562,-4788488.510713424,4200547.811979771,-2.30126,-0.151576,0.129717,92.125,-14.0,-12.0,0.0,0.0,0.0,0.0,0.0,0.0,2,0,41.42980014244429,-92.08272539532256,10997.37799375918,99.92871228892712,-0.0066587899590805,0.0060738133692348,,10022.661867135384,12264.339701119052,150,1,2025-09-12,2025-09-26 14:28:27.020,AH,C,1707891444,AMBUSH51,1,1,48,2,1,1,225,2,1,0,0,9,1,225,2,1,-152663.35512405128,-4788479.195265666,4200943.390205542,-2.79658,-0.965031,0.715228,48.5305,-68.1894,-72.7692,-0.154339,-5.55276,4.56591,-0.00652787,-0.0227024,0.00374611,4,0,41.43688657819811,-91.82605036919782,10031.689406273475,153.28756134127184,1.1896703250079084,-6.744165997669628,173.432,10022.661867135384,12264.339701119052,150,True,11.554613697217162,False,52.80787984052535,167.95079781345834,False,115.16044098953867,False,False
1,1970-07-23 10:27:53.082568202,2025-09-12,2025-09-26 14:28:28.256,AH,C,3323049276,JASSM,3,128,76,2,2,1,225,9,2,0,1,26,0,0,0,0,-174057.33532889312,-4788501.186494674,4200536.872526646,-2.30126,-0.151576,0.129717,92.125,-14.0,-12.0,0.0,0.0,0.0,0.0,0.0,0.0,2,0,41.429668838888105,-92.08172904792636,10997.378333270268,99.92937157311066,-0.0059003092930038,0.0060732855205171,,10022.661867135384,12264.339701119052,150,1,2025-09-12,2025-09-26 14:28:28.153,AH,C,1709243510,AMBUSH51,1,1,48,2,1,1,225,2,1,0,0,9,1,225,2,1,-152608.10433781915,-4788554.326430129,4200860.721196791,-2.83771,-0.946692,0.727793,49.4608,-66.0213,-73.7424,-0.0469596,-6.02042,5.04678,-0.0466043,-0.0179462,-0.0120518,4,0,41.43589205674117,-91.8253613252911,10032.56719344796,152.90945021455252,0.1921094349194951,-9.798972747156562,173.041,10022.661867135384,12264.339701119052,150,True,11.539029942749957,False,52.240479805535976,168.20297238095105,False,116.00006986945623,False,False
1,1970-07-23 10:27:53.089341735,2025-09-12,2025-09-26 14:28:28.934,AH,C,3324123018,JASSM,3,128,76,2,2,1,225,9,2,0,1,26,0,0,0,0,-173974.41589529935,-4788513.860322799,4200525.931120396,-2.30126,-0.151576,0.129717,92.125,-14.0,-12.0,0.0,0.0,0.0,0.0,0.0,0.0,2,0,41.429537525250495,-92.08073269955872,10997.373261803135,99.93003085621808,-0.0051418246767382,0.0060727568551286,,10022.661867135384,12264.339701119052,150,1,2025-09-12,2025-09-26 14:28:28.954,AH,C,1710197908,AMBUSH51,1,1,48,2,1,1,225,2,1,0,0,9,1,225,2,1,-152567.88200036567,-4788606.372473768,4200801.553684997,-2.84609,-0.927412,0.739173,50.4998,-64.0813,-74.7172,-0.0874498,-5.98066,5.11006,-0.0141741,-0.00901002,-0.0208756,4,0,41.43519066555461,-91.82486072637982,10028.902719762176,152.4843075521857,-0.7649347377314699,-11.016713910366915,173.212,10022.661867135384,12264.339701119052,150,False,11.515704846096597,False,51.67177704478821,168.36747445624405,False,116.7587586327008,False,False
1,1970-07-23 10:27:53.106971727,2025-09-12,2025-09-26 14:28:30.697,AH,C,3325316064,JASSM,3,128,76,2,2,1,225,9,2,0,1,26,0,0,0,0,-173882.28357108062,-4788527.944307174,4200513.774870396,-2.30126,-0.151576,0.129717,92.125,-14.0,-12.0,0.0,0.0,0.0,0.0,0.0,0.0,2,0,41.42939160523778,-92.0796256542166,10997.3786555635,99.93076338543018,-0.0042990656885523,0.0060721631730641,,10022.661867135384,12264.339701119052,150,1,2025-09-12,2025-09-26 14:28:30.786,AH,C,1712385072,AMBUSH51,1,1,48,2,1,1,225,2,1,0,0,9,1,225,2,1,-152472.1175145367,-4788721.410725286,4200664.702706269,-2.85862,-0.877224,0.734623,53.5151,-61.6936,-74.9696,-0.151523,-6.99995,6.00777,-0.020963,0.0050444,-0.0202203,4,0,41.43360069070483,-91.82367228234853,10007.097356300705,150.49442782407698,-1.5638991617253049,-13.626497912824792,173.517,10022.661867135384,12264.339701119052,150,False,11.51716536267521,False,50.012089340733304,168.79362375936094,False,118.87808185836508,False,False
1,1970-07-23 10:27:53.109769659,2025-09-12,2025-09-26 14:28:30.976,AH,C,3326389806,JASSM,3,128,76,2,2,1,225,9,2,0,1,26,0,0,0,0,-173799.36462576812,-4788540.616182174,4200502.833464146,-2.30126,-0.151576,0.129717,92.125,-14.0,-12.0,0.0,0.0,0.0,0.0,0.0,0.0,2,0,41.42926028489578,-92.0786293210082,10997.376582655712,99.93142265487664,-0.0035405879568107,0.0060716449185031,,10022.661867135384,12264.339701119052,150,1,2025-09-12,2025-09-26 14:28:30.786,AH,C,1712385072,AMBUSH51,1,1,48,2,1,1,225,2,1,0,0,9,1,225,2,1,-152472.1175145367,-4788721.410725286,4200664.702706269,-2.85862,-0.877224,0.734623,53.5151,-61.6936,-74.9696,-0.151523,-6.99995,6.00777,-0.020963,0.0050444,-0.0202203,4,0,41.43360069070483,-91.82367228234853,10007.097356300705,150.49442782407698,-1.5638991617253049,-13.626497912824792,173.517,10022.661867135384,12264.339701119052,150,False,11.472554179657456,False,50.012089340733304,168.74907661149354,False,118.83385504668206,False,False
1,1970-07-23 10:27:53.117273597,2025-09-12,2025-09-26 14:28:31.727,AH,C,3327523200,JASSM,3,128,76,2,2,1,225,9,2,0,1,26,0,0,0,0,-173711.83874686187,-4788553.993135299,4200491.282682896,-2.30126,-0.151576,0.129717,92.125,-14.0,-12.0,0.0,0.0,0.0,0.0,0.0,0.0,2,0,41.429121642978885,-92.07757763595107,10997.377720931769,99.93211854854174,-0.0027399664648044,0.0060710820126566,,10022.661867135384,12264.339701119052,150,1,2025-09-12,2025-09-26 14:28:31.754,AH,C,1713538304,AMBUSH51,1,1,48,2,1,1,225,2,1,0,0,9,1,225,2,1,-152418.74068510413,-4788781.405723576,4200591.98485985,-2.84859,-0.849171,0.733783,55.527,-60.6847,-74.9082,-0.125063,-7.2457,6.18366,-0.0033612,0.00151987,-0.0299221,4,0,41.43276303888027,-91.82301146532156,9992.540607708464,149.44044403252914,-2.12455260487825,-14.095094317763888,173.994,10022.661867135384,12264.339701119052,150,False,11.454122668219053,False,48.95272536442761,168.95358534299754,False,120.11352686412249,False,False
1,1970-07-23 10:27:53.127768211,2025-09-12,2025-09-26 14:28:32.776,AH,C,3328596942,JASSM,3,128,76,2,2,1,225,9,2,0,1,26,0,0,0,0,-173628.91931326812,-4788566.665010299,4200480.339323521,-2.30126,-0.151576,0.129717,92.125,-14.0,-12.0,0.0,0.0,0.0,0.0,0.0,0.0,2,0,41.42899029182214,-92.07658130516296,10997.378916529382,99.93277781285312,-0.0019814821334497,0.0060705515675386,,10022.661867135384,12264.339701119052,150,1,2025-09-12,2025-09-26 14:28:32.986,AH,C,1715009670,AMBUSH51,1,1,48,2,1,1,225,2,1,0,0,9,1,225,2,1,-152348.43870188395,-4788854.900731051,4200501.259526291,-2.84481,-0.814214,0.720233,58.2626,-59.5534,-74.1084,-0.259479,-7.65097,6.46509,-0.00821107,0.0117023,-0.0127405,4,0,41.43172672640142,-91.82214323597408,9970.76170417634,147.7582563991555,-2.2438437429538416,-15.14568666622814,174.63,10022.661867135384,12264.339701119052,150,False,11.447476532750645,False,47.403773338565976,169.22042688784396,False,121.94106079613817,False,False
1,1970-07-23 10:27:53.136470594,2025-09-12,2025-09-26 14:28:33.647,AH,C,3329789988,JASSM,3,128,76,2,2,1,225,9,2,0,1,26,0,0,0,0,-173536.78698904935,-4788580.743135299,4200468.177214146,-2.30126,-0.151576,0.129717,92.125,-14.0,-12.0,0.0,0.0,0.0,0.0,0.0,0.0,2,0,41.42884432718329,-92.07547428095484,10997.37419549988,99.93351032012048,-0.0011387241362572,0.0060699528064459,,10022.661867135384,12264.339701119052,150,1,2025-09-12,2025-09-26 14:28:33.453,AH,C,1715566402,AMBUSH51,1,1,48,2,1,1,225,2,1,0,0,9,1,225,2,1,-152320.59182152656,-4788882.828422437,4200466.602984982,-2.83979,-0.803972,0.711761,59.3346,-59.0423,-73.7783,-0.0580574,-7.73806,6.43032,0.00479681,0.0107764,-0.0193381,4,0,41.43133192139541,-91.82179978429716,9962.005911774366,147.12434516753495,-2.069982155335792,-15.219223568097002,174.972,10022.661867135384,12264.339701119052,150,False,11.4129501924919,False,46.78519002602879,169.29093260978996,False,122.63612454384518,False,False
1,1970-07-23 10:27:53.146489995,2025-09-12,2025-09-26 14:28:34.648,AH,C,3330983034,JASSM,3,128,76,2,2,1,225,9,2,0,1,26,0,0,0,0,-173444.65417654935,-4788594.821260299,4200456.017057896,-2.30126,-0.151481,0.129717,92.125,-14.0,-12.0,0.0,0.0,0.0,0.0,0.0,0.0,2,0,41.42869836517284,-92.0743672558709,10997.378206842002,99.93060808636729,-0.0043529076455876,0.0053589517296864,,10022.661867135384,12264.339701119052,150,1,2025-09-12,2025-09-26 14:28:34.820,AH,C,1717196834,AMBUSH51,1,1,48,2,1,1,225,2,1,0,0,9,1,225,2,1,-152237.67183913555,-4788962.936467782,4200368.227018484,-2.77246,-0.771121,0.679175,62.3653,-58.6125,-71.8827,-0.161895,-8.1553,7.11547,0.0427989,0.013423,-0.0247435,4,0,41.43020699881652,-91.82077826697072,9938.903649423835,144.89426447194967,-1.2931184198551096,-12.502369338763932,175.534,10022.661867135384,12264.339701119052,150,False,11.408512226687705,False,44.9739062185626,169.58068538363818,False,124.72692981044757,False,False
1,1970-07-23 10:27:53.163769843,2025-09-12,2025-09-26 14:28:36.376,AH,C,3332116428,JASSM,3,128,76,2,2,1,225,9,2,0,1,26,0,0,0,0,-173357.12976248687,-4788608.192354049,4200444.462370396,-2.30126,-0.151481,0.129717,92.125,-14.0,-12.0,0.0,0.0,0.0,0.0,0.0,0.0,2,0,41.42855969247868,-92.07331560899166,10997.373181164898,99.93130394704812,-0.0035523023271491,0.0053583433654817,,10022.661867135384,12264.339701119052,150,1,2025-09-12,2025-09-26 14:28:36.286,AH,C,1718946566,AMBUSH51,1,1,48,2,1,1,225,2,1,0,0,9,1,225,2,1,-152143.5064608396,-4789049.120973015,4200265.2298253365,-2.77138,-0.759288,0.644637,65.3352,-59.1285,-68.9719,-0.18289,-8.80654,7.62705,-0.00866048,0.0207591,-0.0191904,4,0,41.429016840859504,-91.81962007195456,9919.842446101908,143.34846798339828,0.0538880234731863,-12.840538937747956,175.827,10022.661867135384,12264.339701119052,150,False,11.413003719942758,False,43.1161803974791,169.8925713537335,False,126.86286977786864,False,False
1,1970-07-23 10:27:53.166309948,2025-09-12,2025-09-26 14:28:36.630,AH,C,3333309474,JASSM,3,128,76,2,2,1,225,9,2,0,1,26,0,0,0,0,-173264.99548514312,-4788622.268525924,4200432.300261021,-2.30126,-0.151481,0.129813,92.125,-14.0,-12.0,0.0,0.0,0.0,0.0,0.0,0.0,2,0,41.428413708449966,-92.07220857691968,10997.376865624396,99.93612779284013,-0.006375039753178,0.0053573814400831,,10022.661867135384,12264.339701119052,150,1,2025-09-12,2025-09-26 14:28:36.720,AH,C,1719463532,AMBUSH51,1,1,48,2,1,1,225,2,1,0,0,9,1,225,2,1,-152114.55116327977,-4789075.212004705,4200235.166426135,-2.77048,-0.752567,0.637098,66.1649,-59.1716,-68.0744,-0.0716285,-8.40466,7.34812,-0.00773669,0.0213563,-0.0267263,4,0,41.42866416089892,-91.81926409762882,9916.465470701894,142.8506977612463,0.2383919817037827,-13.020274271328493,175.962,10022.661867135384,12264.339701119052,150,False,11.37921852371001,False,42.563230963961345,169.95297567256074,False,127.46804835658519,False,False
1,1970-07-23 10:27:53.176496406,2025-09-12,2025-09-26 14:28:37.649,AH,C,3334562174,JASSM,3,128,76,2,2,1,225,9,2,0,1,26,0,0,0,0,-173168.25622733062,-4788637.045869674,4200419.528776646,-2.30126,-0.151481,0.129813,92.125,-14.0,-12.0,0.0,0.0,0.0,0.0,0.0,0.0,2,0,41.42826042050314,-92.07104622043504,10997.376532364902,99.93689690416178,-0.0054901458047769,0.0053567789563711,,10022.661867135384,12264.339701119052,150,1,2025-09-12,2025-09-26 14:28:37.820,AH,C,1720775830,AMBUSH51,1,1,48,2,1,1,225,2,1,0,0,9,1,225,2,1,-152040.59300348305,-4789139.460540871,4200162.3495039325,-2.77289,-0.728965,0.607523,68.3912,-58.8022,-65.8204,-0.296186,-8.69404,7.63496,0.00555415,0.0198458,-0.0285406,4,0,41.427804380050894,-91.8183557865734,9910.581980959085,140.98339526783545,1.007469369079554,-13.967316788434474,175.399,10022.661867135384,12264.339701119052,150,False,11.367839634753889,False,41.030260760110195,170.16325797783898,False,129.19654512160352,False,False
1,1970-07-23 10:27:53.187470793,2025-09-12,2025-09-26 14:28:38.747,AH,C,3335874524,JASSM,3,128,76,2,2,1,225,9,2,0,1,26,0,0,0,0,-173066.91003592435,-4788652.526338424,4200406.145964146,-2.30126,-0.151481,0.129813,92.125,-14.0,-12.0,0.0,0.0,0.0,0.0,0.0,0.0,2,0,41.42809980257952,-92.06982851613591,10997.37328341483,99.93770263567212,-0.004563108436637,0.0053561304889918,,10022.661867135384,12264.339701119052,150,1,2025-09-12,2025-09-26 14:28:38.687,AH,C,1721809762,AMBUSH51,1,1,48,2,1,1,225,2,1,0,0,9,1,225,2,1,-151980.5753573035,-4789190.745837014,4200106.140646009,-2.71062,-0.717241,0.586821,69.8427,-59.1585,-63.7648,-0.238549,-8.75614,7.61136,0.0979991,0.0178838,-0.02264,4,0,41.42713118365069,-91.81761902551456,9909.973791341035,139.84488948019728,1.6555197776525754,-10.803476545380937,175.143,10022.661867135384,12264.339701119052,150,False,11.346347379514135,False,40.00732948821031,170.31641515881464,False,130.35313574783964,False,False
1,1970-07-23 10:27:53.197509406,2025-09-12,2025-09-26 14:28:39.750,AH,C,3337067572,JASSM,3,128,76,2,2,1,225,9,2,0,1,26,0,0,0,0,-172974.77722342435,-4788666.598604049,4200393.979948521,-2.30126,-0.151481,0.129813,92.125,-14.0,-12.0,0.0,0.0,0.0,0.0,0.0,0.0,2,0,41.42795378155953,-92.06872151888032,10997.373303336824,99.93843511223078,-0.0037203493520366,0.0053555471084469,,10022.661867135384,12264.339701119052,150,1,2025-09-12,2025-09-26 14:28:39.787,AH,C,1723122062,AMBUSH51,1,1,48,2,1,1,225,2,1,0,0,9,1,225,2,1,-151903.2409431319,-4789255.860708978,4200037.175126313,-2.61437,-0.710808,0.569122,70.7559,-59.4648,-61.6883,-0.264122,-8.30226,7.23885,0.0714258,0.0153891,-0.00446184,4,0,41.42629285948336,-91.81667007749206,9914.33143851696,139.0035524987143,2.301286237522748,-5.519325845212006,173.945,10022.661867135384,12264.339701119052,150,True,11.339551756328312,False,39.19413238330658,170.52403032628834,False,131.35770062020813,False,False
1,1970-07-23 10:27:53.213369632,2025-09-12,2025-09-26 14:28:41.336,AH,C,3338320270,JASSM,3,128,76,2,2,1,225,9,2,0,1,26,0,0,0,0,-172878.03796561187,-4788681.373994674,4200381.204557896,-2.30126,-0.151481,0.129813,92.125,-14.0,-12.0,0.0,0.0,0.0,0.0,0.0,0.0,2,0,41.42780044363665,-92.0675591796457,10997.37469094945,99.93920420511512,-0.0028354534127081,0.0053549298667878,,10022.661867135384,12264.339701119052,150,1,2025-09-12,2025-09-26 14:28:41.287,AH,C,1724911560,AMBUSH51,1,1,48,2,1,1,225,2,1,0,0,9,1,225,2,1,-151796.3227454894,-4789344.50496594,4199946.51496217,-2.57939,-0.719392,0.556809,71.0843,-59.7198,-59.5763,-0.328088,-7.97253,6.96672,-0.0207425,1.97656e-05,-0.00319683,4,0,41.4251736729378,-91.81535867903936,9927.15159081716,138.93188529568408,3.1185125994449385,-3.256245780348027,172.393,10022.661867135384,12264.339701119052,150,True,11.34694102438811,False,38.60086206692078,170.81376530253726,False,132.2279589972847,False,False
1,1970-07-23 10:27:53.218308895,2025-09-12,2025-09-26 14:28:41.830,AH,C,3339572970,JASSM,3,128,76,2,2,1,225,9,2,0,1,26,0,0,0,0,-172781.29821951812,-4788696.147432174,4200368.429167271,-2.30126,-0.151481,0.129813,92.125,-14.0,-12.0,0.0,0.0,0.0,0.0,0.0,0.0,2,0,41.42764710569429,-92.0663968408888,10997.376234521946,99.939973295341,-0.0019505557872114,0.0053543247775284,,10022.661867135384,12264.339701119052,150,1,2025-09-12,2025-09-26 14:28:41.653,AH,C,1725348992,AMBUSH51,1,1,48,2,1,1,225,2,1,0,0,9,1,225,2,1,-151769.78100670455,-4789366.674960529,4199924.2564300485,-2.59223,-0.717982,0.555593,71.0941,-59.5293,-59.3015,-0.0955685,-7.64409,6.71873,-0.0512294,-0.013552,-0.00460332,4,0,41.42489652877144,-91.81503307787936,9931.27785088285,138.83562676560592,3.135798933775677,-4.039962431784861,172.137,10022.661867135384,12264.339701119052,150,True,11.309434678423264,False,38.48591888422308,170.8531402928732,False,132.38206176448784,False,False
1,1970-07-23 10:27:53.228449950,2025-09-12,2025-09-26 14:28:42.844,AH,C,3340825668,JASSM,3,128,76,2,2,1,225,9,2,0,1,26,0,0,0,0,-172684.55847342435,-4788710.918916549,4200355.651823521,-2.30126,-0.151385,0.129813,92.125,-14.0,-12.0,0.0,0.0,0.0,0.0,0.0,0.0,2,0,41.427493754448776,-92.06523450844368,10997.373737465156,99.93710773573478,-0.0051225966926699,0.0046428284841196,,10022.661867135384,12264.339701119052,150,1,2025-09-12,2025-09-26 14:28:42.819,AH,C,1726740824,AMBUSH51,1,1,48,2,1,1,225,2,1,0,0,9,1,225,2,1,-151686.50651108185,-4789435.044043569,4199856.130352206,-2.68223,-0.713279,0.547608,71.5016,-58.7701,-57.9765,-0.0573075,-7.49422,6.41542,-0.0532684,0.00336536,-0.0258899,4,0,41.424045601441215,-91.81401197569186,9945.017426784543,138.3826803154994,3.375348266397429,-9.363537513863278,171.0,10022.661867135384,12264.339701119052,150,True,11.303797030753374,False,37.81919101280046,171.06399229212587,False,133.25745038861382,False,False
1,1970-07-23 10:27:53.243370347,2025-09-12,2025-09-26 14:28:44.337,AH,C,3342078366,JASSM,3,128,76,2,2,1,225,9,2,0,1,26,0,0,0,0,-172587.81921561187,-4788725.690400924,4200342.874479771,-2.30126,-0.151385,0.129813,92.125,-14.0,-12.0,0.0,0.0,0.0,0.0,0.0,0.0,2,0,41.42734039135191,-92.06407218730328,10997.376284418591,99.9378768096681,-0.0042377037043678,0.0046421646699452,,10022.661867135384,12264.339701119052,150,1,2025-09-12,2025-09-26 14:28:44.253,AH,C,1728450790,AMBUSH51,1,1,48,2,1,1,225,2,1,0,0,9,1,225,2,1,-151582.59425010663,-4789517.0386834,4199774.430956713,-2.70999,-0.681347,0.532628,72.915,-56.6795,-56.5577,-0.161613,-7.11124,6.23569,-0.0115587,-0.00171753,-0.0251991,4,0,41.42302586562349,-91.8127391099376,9961.199972903018,136.60759348804368,3.1424156799141727,-11.995825715867024,169.46,10022.661867135384,12264.339701119052,150,False,11.309866455004492,False,36.399812756779426,171.32477865065042,False,134.94173941748693,False,False
1,1970-07-23 10:27:53.250968168,2025-09-12,2025-09-26 14:28:45.096,AH,C,3343331064,JASSM,3,128,76,2,2,1,225,9,2,0,1,26,0,0,0,0,-172491.07946951812,-4788740.459932174,4200330.095182896,-2.30126,-0.151385,0.129813,92.125,-13.875,-12.0,0.0,0.0,0.0,0.0,0.0,0.0,2,0,41.42718701505682,-92.06290986664004,10997.374747449076,99.93864588094266,-0.0033528067540211,0.0046415000269297,,10022.661867135384,12264.339701119052,150,1,2025-09-12,2025-09-26 14:28:45.086,AH,C,1729444954,AMBUSH51,1,1,48,2,1,1,225,2,1,0,0,9,1,225,2,1,-151521.21372976227,-4789563.785289399,4199727.352323193,-2.71614,-0.667466,0.525379,73.7676,-55.556,-55.6471,-0.0631666,-7.20836,6.21715,-0.00563529,0.00210868,-0.0192382,4,0,41.42244151637558,-91.81198789121252,9969.179084510752,135.80851824190225,3.062427139368048,-12.792775460899492,168.666,10022.661867135384,12264.339701119052,150,False,11.292025858882951,False,35.604173607156476,171.51193474147118,False,135.92270799691477,False,False
1,1970-07-23 10:27:53.261776738,2025-09-12,2025-09-26 14:28:46.177,AH,C,3344524112,JASSM,3,128,76,2,2,1,225,9,2,0,1,26,0,0,0,0,-172398.94616873687,-4788754.526338424,4200317.923307896,-2.30126,-0.151385,0.129909,92.125,-13.875,-12.0,0.0,0.0,0.0,0.0,0.0,0.0,2,0,41.42704092288129,-92.06180289708573,10997.37594886746,99.9434697113386,-0.0061755031370753,0.004640548752417,,10022.661867135384,12264.339701119052,150,1,2025-09-12,2025-09-26 14:28:46.319,AH,C,1730916320,AMBUSH51,1,1,48,2,1,1,225,2,1,0,0,9,1,225,2,1,-151429.71095222177,-4789630.843637882,4199659.539094501,-2.65597,-0.642788,0.513201,74.9686,-54.0513,-54.4063,-0.233063,-7.3854,6.45682,0.0483249,0.00177579,-0.0273359,4,0,41.42160202469049,-91.8108690341228,9979.75945182291,134.40893183624672,2.8685029704091414,-10.119510541086733,167.774,10022.661867135384,12264.339701119052,150,False,11.293711456248648,False,34.42962606504073,171.72090748897895,False,137.308508369907,False,False
1,1970-07-23 10:27:53.270309218,2025-09-12,2025-09-26 14:28:47.030,AH,C,3345717158,JASSM,3,128,76,2,2,1,225,9,2,0,1,26,0,0,0,0,-172306.81335623687,-4788768.590791549,4200305.751432896,-2.30126,-0.151385,0.129909,92.125,-13.875,-12.0,0.0,0.0,0.0,0.0,0.0,0.0,2,0,41.4268948315693,-92.06069593916897,10997.376927810346,99.94420214654323,-0.0053327475791632,0.0046399782071186,,10022.661867135384,12264.339701119052,150,1,2025-09-12,2025-09-26 14:28:47.053,AH,C,1731791186,AMBUSH51,1,1,48,2,1,1,225,2,1,0,0,9,1,225,2,1,-151374.53640376695,-4789669.961206628,4199619.71226761,-2.58362,-0.631229,0.507175,75.4107,-53.1259,-53.9207,-0.189476,-7.23201,6.52325,0.0989042,0.00804046,-0.0170848,4,0,41.42111083738839,-91.81019489523,9985.212122074909,133.7407657282044,2.784040650541691,-6.330725268845437,166.784,10022.661867135384,12264.339701119052,150,True,11.274891639071114,False,33.89149568358445,171.82752661898627,False,137.9564675813274,False,False
1,1970-07-23 10:27:53.280447151,2025-09-12,2025-09-26 14:28:48.044,AH,C,3346969858,JASSM,3,128,76,2,2,1,225,9,2,0,1,26,0,0,0,0,-172210.07361014312,-4788783.358369674,4200292.968229771,-2.30126,-0.151385,0.129909,92.125,-13.875,-12.0,0.0,0.0,0.0,0.0,0.0,0.0,2,0,41.42674140641857,-92.0595336352392,10997.376635571214,99.9449711999768,-0.0044478485908656,0.0046393619993038,,10022.661867135384,12264.339701119052,150,1,2025-09-12,2025-09-26 14:28:48.120,AH,C,1733063718,AMBUSH51,1,1,48,2,1,1,225,2,1,0,0,9,1,225,2,1,-151294.66779377023,-4789725.600249779,4199562.777463087,-2.47129,-0.632469,0.501227,75.3356,-52.6059,-53.4009,-0.236508,-7.49941,6.5589,0.0706976,0.00261219,0.0139181,4,0,41.42041051353287,-91.80921942785982,9992.242350901908,133.57890222482166,3.091063976218738,0.1314155471388839,165.977,10022.661867135384,12264.339701119052,150,True,11.267575307413804,False,33.640607479118394,171.9936828142901,False,138.37422612970772,False,False
1,1970-07-23 10:27:53.290486051,2025-09-12,2025-09-26 14:28:49.048,AH,C,3348162904,JASSM,3,128,76,2,2,1,225,9,2,0,1,26,0,0,0,0,-172117.94177420562,-4788797.418916549,4200280.794401646,-2.30126,-0.151385,0.129909,92.125,-13.875,-12.0,0.0,0.0,0.0,0.0,0.0,0.0,2,0,41.4265953031226,-92.05842670084442,10997.373156228796,99.94570361526112,-0.0036051045490063,0.0046387993503938,,10022.661867135384,12264.339701119052,150,1,2025-09-12,2025-09-26 14:28:48.920,AH,C,1734018116,AMBUSH51,1,1,48,2,1,1,225,2,1,0,0,9,1,225,2,1,-151234.583608351,-4789767.477128086,4199520.066305963,-2.428,-0.638414,0.504878,74.8712,-52.6001,-53.273,-0.19821,-7.3875,6.47409,0.0538468,-0.0012702,0.00496742,4,0,41.419884353614215,-91.80848560218809,9997.846244560966,133.9438212088764,3.111876372529665,2.7955626492913668,165.293,10022.661867135384,12264.339701119052,150,True,11.25161765927324,False,33.78002520999288,172.11107481144901,False,138.35184043165276,False,False
1,1970-07-23 10:27:53.300248504,2025-09-12,2025-09-26 14:28:50.024,AH,C,3349356244,JASSM,3,128,76,2,2,1,225,9,2,0,1,26,0,0,0,0,-172025.78454764312,-4788811.485322799,4200268.616667271,-2.30126,-0.151385,0.129909,92.125,-13.875,-12.0,0.0,0.0,0.0,0.0,0.0,0.0,2,0,41.42644913337578,-92.05731946550264,10997.3778953317,99.9464362275454,-0.0027621249224133,0.0046382213210991,,10022.661867135384,12264.339701119052,150,1,2025-09-12,2025-09-26 14:28:49.953,AH,C,1735250882,AMBUSH51,1,1,48,2,1,1,225,2,1,0,0,9,1,225,2,1,-151156.83724685604,-4789821.885813647,4199464.472149227,-2.40218,-0.640584,0.516645,74.1228,-52.5201,-53.5503,-0.19601,-7.25859,6.27083,-0.0036941,0.000165407,0.0072748,4,0,41.41919998682263,-91.80753599772925,10004.936966781632,134.44595801592658,2.648767372792616,4.361188070461559,164.56,10022.661867135384,12264.339701119052,150,True,11.245758592901664,False,34.12562114018412,172.27487223710574,False,138.172822486515,False,False
1,1970-07-23 10:27:53.311271104,2025-09-12,2025-09-26 14:28:51.127,AH,C,3350608650,JASSM,3,128,76,2,2,1,225,9,2,0,1,26,0,0,0,0,-171929.06726248687,-4788826.245088424,4200255.833464146,-2.30126,-0.151385,0.129909,92.125,-13.875,-12.0,0.0,0.0,0.0,0.0,0.0,0.0,2,0,41.42629571579367,-92.05615744921136,10997.374906375857,99.9472050838538,-0.0018774337570616,0.0046376108498882,,10022.661867135384,12264.339701119052,150,1,2025-09-12,2025-09-26 14:28:51.320,AH,C,1736881314,AMBUSH51,1,1,48,2,1,1,225,2,1,0,0,9,1,225,2,1,-151056.3835469014,-4789892.87577538,4199391.338911639,-2.45431,-0.645159,0.524052,73.2344,-52.4699,-53.8998,-0.310389,-7.35108,6.60389,-0.109576,-0.00156981,0.00948231,4,0,41.41830283421463,-91.80630881318211,10012.979716652915,134.88749567781693,2.4551189294700606,1.524500263165341,163.558,10022.661867135384,12264.339701119052,150,True,11.250528576738747,False,34.557177546695115,172.498829058921,False,137.9686581137006,False,False
1,1970-07-23 10:27:53.322573843,2025-09-12,2025-09-26 14:28:52.257,AH,C,3351861348,JASSM,3,128,76,2,2,1,225,9,2,0,1,26,0,0,0,0,-171832.3272722525,-4788841.006807174,4200243.048307896,-2.30126,-0.151289,0.129909,92.125,-13.875,-12.0,0.0,0.0,0.0,0.0,0.0,0.0,2,0,41.42614226651799,-92.05499516624933,10997.375474763754,99.94433956722352,-0.0050494710213097,0.0039255995515965,,10022.661867135384,12264.339701119052,150,1,2025-09-12,2025-09-26 14:28:52.253,AH,C,1737994780,AMBUSH51,1,1,48,2,1,1,225,2,1,0,0,9,1,225,2,1,-150987.8150084364,-4789941.463693629,4199341.221816172,-2.55229,-0.643104,0.529028,73.1866,-51.9967,-53.8525,0.144643,-6.98812,6.129,-0.0355542,-0.0107868,-0.00179867,4,0,41.417688330689806,-91.8054711217423,10018.36978064642,134.9828270397435,2.1684570536112178,-4.144651741375289,163.142,10022.661867135384,12264.339701119052,150,True,11.237180213460855,False,34.44233170716586,172.6409672371579,False,138.2295064121844,False,False
1,1970-07-23 10:27:53.331449260,2025-09-12,2025-09-26 14:28:53.144,AH,C,3353054548,JASSM,3,128,76,2,2,1,225,9,2,0,1,26,0,0,0,0,-171740.18200858062,-4788855.067354049,4200230.868620396,-2.30126,-0.151289,0.129909,92.125,-13.875,-12.0,0.0,0.0,0.0,0.0,0.0,0.0,2,0,41.425996082870654,-92.05388809175932,10997.37668874338,99.94507206653404,-0.0042066020984988,0.0039249679325143,,10022.661867135384,12264.339701119052,150,1,2025-09-12,2025-09-26 14:28:53.221,AH,C,1739148012,AMBUSH51,1,1,48,2,1,1,225,2,1,0,0,9,1,225,2,1,-150916.5193808762,-4789992.253355495,4199289.261515793,-2.49367,-0.623387,0.518763,73.2953,-53.6599,-51.8614,0.00690205,-7.07248,6.55468,0.0947597,0.000812472,-0.029818,4,0,41.41704879108874,-91.80460002967448,10024.967367581658,133.85030372902668,2.026379552768,-1.393067875788476,162.861,10022.661867135384,12264.339701119052,150,True,11.227976139382058,False,34.27525874397473,172.79238998178602,False,138.52739850984264,False,False
1,1970-07-23 10:27:53.341467445,2025-09-12,2025-09-26 14:28:54.146,AH,C,3354307092,JASSM,3,128,76,2,2,1,225,9,2,0,1,26,0,0,0,0,-171643.45398123687,-4788869.825166549,4200218.081511021,-2.30126,-0.151289,0.129909,92.125,-13.875,-12.0,0.0,0.0,0.0,0.0,0.0,0.0,2,0,41.42584261817554,-92.05272596410286,10997.37423217529,99.9458409896563,-0.0033218145744506,0.0039243054649866,,10022.661867135384,12264.339701119052,150,1,2025-09-12,2025-09-26 14:28:54.153,AH,C,1740261476,AMBUSH51,1,1,48,2,1,1,225,2,1,0,0,9,1,225,2,1,-150848.6577149286,-4790039.415582072,4199239.3408630015,-2.32377,-0.620541,0.512043,73.019,-51.8052,-54.0312,-0.298951,-6.94253,7.03076,0.194591,0.0117377,0.0223092,4,0,41.41644395267496,-91.80377135472138,10027.34257750348,133.4996525777314,2.239865803250574,8.248138033399101,162.262,10022.661867135384,12264.339701119052,150,True,11.214347403948327,False,34.510956482425236,172.93195794139228,False,138.45633986086486,False,False
1,1970-07-23 10:27:53.356618837,2025-09-12,2025-09-26 14:28:55.661,AH,C,3355500350,JASSM,3,128,76,2,2,1,225,9,2,0,1,26,0,0,0,0,-171551.30432303375,-4788883.883760299,4200205.899870396,-2.30126,-0.151289,0.129909,92.125,-13.875,-12.0,0.0,0.0,0.0,0.0,0.0,0.0,2,0,41.425696412065605,-92.05161884811942,10997.3753173739,99.94657351206013,-0.0024789073374082,0.003923679843798,,10022.661867135384,12264.339701119052,150,1,2025-09-12,2025-09-26 14:28:55.653,AH,C,1742050974,AMBUSH51,1,1,48,2,1,1,225,2,1,0,0,9,1,225,2,1,-150739.93933435384,-4790117.795968168,4199156.428749449,-2.10387,-0.673305,0.554757,70.463,-53.372,-56.4534,-0.258734,-6.89041,6.99103,0.126349,0.00545428,0.0456347,4,0,41.4154383337815,-91.80244273931991,10031.729178344189,137.05927553274603,1.902032794056006,22.51408604599237,162.91,10022.661867135384,12264.339701119052,150,False,11.22703378045642,False,36.6006283080701,173.18869750800098,False,136.63007425093585,False,False
1,1970-07-23 10:27:53.364164926,2025-09-12,2025-09-26 14:28:56.416,AH,C,3356752838,JASSM,3,128,76,2,2,1,225,9,2,0,1,26,0,0,0,0,-171454.58044608062,-4788898.639619674,4200193.112761021,-2.30126,-0.151289,0.130005,92.125,-13.875,-12.0,0.0,0.0,0.0,0.0,0.0,0.0,2,0,41.425542935179465,-92.0504567815789,10997.37818683751,99.95143382148314,-0.0052595664029629,0.003922776624448,,10022.661867135384,12264.339701119052,150,1,2025-09-12,2025-09-26 14:28:56.420,AH,C,1742965608,AMBUSH51,1,1,48,2,1,1,225,2,1,0,0,9,1,225,2,1,-150687.50247812914,-4790158.13683331,4199112.987819327,-2.04376,-0.699295,0.57658,68.3397,-54.3458,-58.3963,-0.384741,-7.04311,7.06667,0.0691246,0.0164523,0.0277229,4,0,41.414914915591964,-91.80180098525304,10032.597960396024,138.8148957636169,1.6459713859642116,26.810779280495247,163.191,10022.661867135384,12264.339701119052,150,False,11.204928493584625,False,38.232527480842016,173.30626235431356,False,135.12322704593666,False,False
1,1970-07-23 10:27:53.375385207,2025-09-12,2025-09-26 14:28:57.538,AH,C,3357945884,JASSM,3,128,76,2,2,1,225,9,2,0,1,26,0,0,0,0,-171362.44690115875,-4788912.692354049,4200180.931120396,-2.30126,-0.151289,0.130005,92.125,-13.875,-12.0,0.0,0.0,0.0,0.0,0.0,0.0,2,0,41.42539673866186,-92.0493498708201,10997.375584591377,99.95216620377477,-0.0044168085584516,0.003922216797685,,10022.661867135384,12264.339701119052,150,1,2025-09-12,2025-09-26 14:28:57.519,AH,C,1744277906,AMBUSH51,1,1,48,2,1,1,225,2,1,0,0,9,1,225,2,1,-150614.3646471303,-4790218.258999577,4199046.566632147,-2.02397,-0.752406,0.616305,64.541,-55.9686,-61.8043,-0.165526,-7.3979,7.36556,0.0521407,0.0278498,0.0581433,4,0,41.41412256211239,-91.80090444882572,10030.642745958316,142.18549196326308,1.2384259785124256,29.739394287965386,163.741,10022.661867135384,12264.339701119052,150,False,11.197779598898753,False,41.09629475709704,173.50336348043336,False,132.4705545315357,False,False
1,1970-07-23 10:27:53.382427664,2025-09-12,2025-09-26 14:28:58.242,AH,C,3359198584,JASSM,3,128,76,2,2,1,225,9,2,0,1,26,0,0,0,0,-171265.70666678375,-4788927.448213424,4200168.138151646,-2.30126,-0.151289,0.130005,92.125,-13.875,-12.0,0.0,0.0,0.0,0.0,0.0,0.0,2,0,41.42524320279393,-92.04818761951336,10997.374057564524,99.95293519959222,-0.0035319094154401,0.0039216111943273,,10022.661867135384,12264.339701119052,150,1,2025-09-12,2025-09-26 14:28:58.252,AH,C,1745152772,AMBUSH51,1,1,48,2,1,1,225,2,1,0,0,9,1,225,2,1,-150568.17945788338,-4790259.625882004,4199000.191224264,-2.00523,-0.79558,0.641941,61.6128,-57.5091,-63.7727,-0.17706,-7.68697,7.63893,0.0641957,0.0266243,0.0524133,4,0,41.4135720552006,-91.80033703646222,10028.157422067792,144.66487971867926,1.1202267832816402,32.31995760675661,164.56,10022.661867135384,12264.339701119052,150,False,11.172561234807393,False,43.18148351738223,173.63057604262735,False,130.5154553067324,False,False
1,1970-07-23 10:27:53.393446506,2025-09-12,2025-09-26 14:28:59.344,AH,C,3360451282,JASSM,3,128,76,2,2,1,225,9,2,0,1,26,0,0,0,0,-171168.96643240875,-4788942.203096236,4200155.345182896,-2.30126,-0.151289,0.130005,92.125,-13.875,-12.0,0.0,0.0,0.0,0.0,0.0,0.0,2,0,41.4250896609921,-92.04702537409976,10997.375130464665,99.95370418916552,-0.002647011561294,0.0039210112154385,,10022.661867135384,12264.339701119052,150,1,2025-09-12,2025-09-26 14:28:59.319,AH,C,1746425304,AMBUSH51,1,1,48,2,1,1,225,2,1,0,0,9,1,225,2,1,-150505.0596481066,-4790321.302587601,4198930.042286342,-1.99358,-0.858516,0.677519,56.4382,-59.2944,-67.5568,-0.22318,-7.81633,7.75068,0.0460404,0.0280703,0.0569802,4,0,41.4127434071556,-91.79955965717232,10022.72082109984,148.16063625358922,0.8817965091462928,35.25937615746549,164.927,10022.661867135384,12264.339701119052,150,False,11.157922798205359,False,46.73727878314989,173.83910626532113,False,127.1837694596923,False,False
1,1970-07-23 10:27:53.404164976,2025-09-12,2025-09-26 14:29:00.416,AH,C,3361644328,JASSM,3,128,76,2,2,1,225,9,2,0,1,26,0,0,0,0,-171076.83288748687,-4788956.253877486,4200143.161589146,-2.30126,-0.151193,0.130005,92.125,-13.875,-12.0,0.0,0.0,0.0,0.0,0.0,0.0,2,0,41.424943429893055,-92.04591847957148,10997.37754784876,99.95080266825704,-0.0058605509711135,0.0032086731367748,,10022.661867135384,12264.339701119052,150,1,2025-09-12,2025-09-26 14:29:00.519,AH,C,1747856902,AMBUSH51,1,1,48,2,1,1,225,2,1,0,0,9,1,225,2,1,-150441.2975855455,-4790393.320127244,4198846.302082862,-2.006,-0.951805,0.724984,49.6833,-61.5746,-71.5379,-0.263983,-8.41416,8.27546,0.0418127,0.0430049,0.0593979,4,0,41.41176161025138,-91.79877074269427,10013.17740186862,153.04871242547347,0.4657017281677992,38.05651679358734,166.369,10022.661867135384,12264.339701119052,150,False,11.147118583655796,False,51.11460653001833,174.09499021329424,False,123.07527995136265,False,False
1,1970-07-23 10:27:53.413270948,2025-09-12,2025-09-26 14:29:01.327,AH,C,3362837394,JASSM,3,128,76,2,2,1,225,9,2,0,1,26,0,0,0,0,-170984.69787772125,-4788970.303682174,4200130.976042271,-2.30126,-0.151193,0.130005,92.125,-13.875,-12.0,0.0,0.0,0.0,0.0,0.0,0.0,2,0,41.42479718108413,-92.04481157292396,10997.377731901084,99.95153503915527,-0.0050177795846335,0.0032080533133358,,10022.661867135384,12264.339701119052,150,1,2025-09-12,2025-09-26 14:29:01.285,AH,C,1748771534,AMBUSH51,1,1,48,2,1,1,225,2,1,0,0,9,1,225,2,1,-150405.1349707071,-4790441.101289177,4198790.276819613,-2.02064,-1.02306,0.752248,44.5904,-63.0385,-73.9598,-0.28893,-8.58414,8.5705,0.0378304,0.0420103,0.0636277,4,0,41.41110592213702,-91.79832071834346,10006.312085806256,156.4458857576659,0.3638945128928019,39.99171801254876,167.493,10022.661867135384,12264.339701119052,150,False,11.119881729015157,False,54.23495785616407,174.2582689968977,False,120.12560168292762,False,False
1,1970-07-23 10:27:53.424304624,2025-09-12,2025-09-26 14:29:02.430,AH,C,3364090216,JASSM,3,128,76,2,2,1,225,9,2,0,1,26,0,0,0,0,-170887.94787772125,-4788985.055635299,4200118.179167271,-2.30126,-0.151193,0.130005,92.125,-13.875,-12.0,0.0,0.0,0.0,0.0,0.0,0.0,2,0,41.42464359831455,-92.04364922798086,10997.37679216052,99.95230408781585,-0.0041327952620849,0.0032074052912066,,10022.661867135384,12264.339701119052,150,1,2025-09-12,2025-09-26 14:29:02.287,AH,C,1749964534,AMBUSH51,1,1,48,2,1,1,225,2,1,0,0,9,1,225,2,1,-150364.04877154905,-4790505.265079614,4198714.001425782,-2.05849,-1.11862,0.787521,37.468,-64.7992,-76.9044,-0.326218,-8.64021,8.54564,0.0272443,0.044378,0.0635195,4,0,41.41021699447525,-91.7978057289215,9995.416597302095,160.84921425696848,-0.010327180068803,41.64965018725104,168.336,10022.661867135384,12264.339701119052,150,False,11.094218586452325,False,58.45659122613512,174.4898817279358,False,116.1453184714348,False,False
1,1970-07-23 10:27:53.435323065,2025-09-12,2025-09-26 14:29:03.532,AH,C,3365402424,JASSM,3,128,76,2,2,1,225,9,2,0,1,26,0,0,0,0,-170786.61169608062,-4789000.506807174,4200104.772917271,-2.30126,-0.151193,0.130005,92.125,-13.875,-12.0,0.0,0.0,0.0,0.0,0.0,0.0,2,0,41.42448270440236,-92.04243179100357,10997.37500718664,99.95310958480646,-0.0032058573843855,0.0032067084195849,,10022.661867135384,12264.339701119052,150,1,2025-09-12,2025-09-26 14:29:03.620,AH,C,1751555198,AMBUSH51,1,1,48,2,1,1,225,2,1,0,0,9,1,225,2,1,-150322.23496070033,-4790592.187248035,4198608.11831592,-2.14404,-1.26896,0.829774,26.5947,-66.3035,-80.8474,-0.209761,-8.83754,8.84844,0.012907,0.04887,0.0637775,4,0,41.40899294588645,-91.7972735266023,9976.193453323238,167.24414753478632,-0.5470355324912815,42.95507220650544,169.802,10022.661867135384,12264.339701119052,150,False,11.068685126971856,False,64.64243008574533,174.8208378713358,False,110.31218399754155,False,False
1,1970-07-23 10:27:53.445364777,2025-09-12,2025-09-26 14:29:04.536,AH,C,3366655318,JASSM,3,128,76,2,2,1,225,9,2,0,1,26,0,0,0,0,-170689.85632498687,-4789015.257783736,4200091.974089146,-2.30126,-0.151193,0.130005,92.125,-13.875,-12.0,0.0,0.0,0.0,0.0,0.0,0.0,2,0,41.424329091353215,-92.04126939351498,10997.377196833637,99.95387866342826,-0.0023208248457626,0.0032060624340359,,10022.661867135384,12264.339701119052,150,1,2025-09-12,2025-09-26 14:29:04.561,AH,C,1752668664,AMBUSH51,1,1,48,2,1,1,225,2,1,0,0,9,1,225,2,1,-150301.05010820544,-4790654.347133278,4198531.693429489,-2.2138,-1.37383,0.849543,18.6942,-67.0193,-83.0833,-0.296377,-8.9324,8.84061,0.0109054,0.0540445,0.0625312,4,0,41.40811120967759,-91.7969971021662,9961.594442411197,171.40306733554297,-0.8198675245339975,43.3829341723868,170.902,10022.661867135384,12264.339701119052,150,False,11.032759940694406,False,68.99347654605836,175.05539311766378,False,106.21112851324396,False,False
1,1970-07-23 10:27:53.456484868,2025-09-12,2025-09-26 14:29:05.648,AH,C,3367967476,JASSM,3,128,76,2,2,1,225,9,2,0,1,26,0,0,0,0,-170588.52404959625,-4789030.705049361,4200078.567839146,-2.30126,-0.151193,0.130101,92.125,-13.875,-12.0,0.0,0.0,0.0,0.0,0.0,0.0,2,0,41.42416819466615,-92.04005201662568,10997.376876697605,99.95877495693836,-0.005058713097978,0.0032051509236037,,10022.661867135384,12264.339701119052,150,1,2025-09-12,2025-09-26 14:29:05.787,AH,C,1754140028,AMBUSH51,1,1,48,2,1,1,225,2,1,0,0,9,1,225,2,1,-150284.68215914528,-4790737.341504583,4198427.904426372,-2.33003,-1.53688,0.86254,8.03675,-68.0509,-84.6863,-0.269353,-9.59533,9.40737,0.00624491,0.0671273,0.0561459,4,0,41.40691990809983,-91.79677042824927,9939.235958339495,177.56781057685257,-0.8863386762459755,43.69438970930909,172.381,10022.661867135384,12264.339701119052,150,False,10.994037115531492,False,74.69621272371235,175.38300765663786,False,100.84772224035275,False,False
1,1970-07-23 10:27:53.466503931,2025-09-12,2025-09-26 14:29:06.650,AH,C,3369220174,JASSM,3,128,76,2,2,1,225,9,2,0,1,26,0,0,0,0,-170491.78357108062,-4789045.451143111,4200065.767057896,-2.30126,-0.151193,0.130101,92.125,-13.875,-12.0,0.0,0.0,0.0,0.0,0.0,0.0,2,0,41.424014570286126,-92.03888981038156,10997.374366844297,99.9595439042598,-0.0041738156226016,0.0032045572177983,,10022.661867135384,12264.339701119052,150,1,2025-09-12,2025-09-26 14:29:06.554,AH,C,1755054662,AMBUSH51,1,1,48,2,1,1,225,2,1,0,0,9,1,225,2,1,-150281.2682010245,-4790789.206662023,4198363.245381647,-2.40651,-1.64399,0.86267,0.756857,-68.2106,-85.3143,-0.309735,-9.81704,9.74608,0.011565,0.0633364,0.0570322,4,0,41.406175519913,-91.79671019980135,9926.23058633221,-178.4411303982667,-0.8579961279433904,43.91460736826171,173.469,10022.661867135384,12264.339701119052,150,False,10.948114532306064,False,78.5326006034871,175.5822449310298,False,97.22057756693785,False,False
1,1970-07-23 10:27:53.477261531,2025-09-12,2025-09-26 14:29:07.726,AH,C,3370472872,JASSM,3,128,76,2,2,1,225,9,2,0,1,26,0,0,0,0,-170395.043092565,-4789060.196260299,4200052.966276646,-2.30126,-0.151193,0.130101,92.125,-13.875,-12.125,0.0,0.0,0.0,0.0,0.0,0.0,2,0,41.42386093997307,-92.03772761003124,10997.37445683548,99.96031284533557,-0.0032889194352274,0.0032039691364724,,10022.661867135384,12264.339701119052,150,1,2025-09-12,2025-09-26 14:29:07.588,AH,C,1756287426,AMBUSH51,1,1,48,2,1,1,225,2,1,0,0,9,1,225,2,1,-150286.0562980632,-4790859.806249121,4198274.839387649,-2.50817,-1.79037,0.847088,-9.504,-68.5225,-84.9901,-0.322649,-10.2995,10.2037,0.00017581,0.0598452,0.0725888,4,0,41.40515784506107,-91.79674094672676,9908.412307409464,-172.88299283108904,-0.4422756368615944,44.35969321859895,174.495,10022.661867135384,12264.339701119052,150,False,10.89994303516595,False,83.83476818237769,175.82366787419585,False,92.14994106317134,False,False
1,1970-07-23 10:27:53.493043934,2025-09-12,2025-09-26 14:29:09.304,AH,C,3371785224,JASSM,3,128,76,2,2,1,225,9,2,0,1,26,0,0,0,0,-170293.69568045562,-4789075.642549361,4200039.554167271,-2.30126,-0.151097,0.130101,92.125,-13.875,-12.125,0.0,0.0,0.0,0.0,0.0,0.0,2,0,41.42369997527302,-92.03651007018154,10997.373656625254,99.95748404351367,-0.0064188045738985,0.0024909734889228,,10022.661867135384,12264.339701119052,150,1,2025-09-12,2025-09-26 14:29:09.487,AH,C,1758554124,AMBUSH51,1,1,48,2,1,1,225,2,1,0,0,9,1,225,2,1,-150322.7902763632,-4790988.342312252,4198115.308916905,-2.69097,-2.04529,0.795999,-28.8757,-67.2124,-82.3106,-0.347562,-10.537,10.5051,-0.00676297,0.0728988,0.0634654,4,0,41.40330941322346,-91.7971316464514,9881.24162947076,-162.54518699381637,0.0841381020854288,44.57876870919354,176.243,10022.661867135384,12264.339701119052,150,False,10.838962609703426,False,94.04388877052567,176.36648298928117,False,82.49890192981762,False,False
1,1970-07-23 10:27:53.501783283,2025-09-12,2025-09-26 14:29:10.178,AH,C,3373038036,JASSM,3,128,76,2,2,1,225,9,2,0,1,26,0,0,0,0,-170196.94616873687,-4789090.386689986,4200026.751432896,-2.30126,-0.151097,0.130101,92.125,-13.875,-12.125,0.0,0.0,0.0,0.0,0.0,0.0,2,0,41.42354631545476,-92.03534777353048,10997.376556463792,99.9582530435469,-0.0055338280253126,0.002490337751085,,10022.661867135384,12264.339701119052,150,1,2025-09-12,2025-09-26 14:29:10.087,AH,C,1759269924,AMBUSH51,1,1,48,2,1,1,225,2,1,0,0,9,1,225,2,1,-150342.1177877182,-4791028.206709426,4198066.205420903,-2.7482,-2.11707,0.77566,-34.8624,-66.3182,-80.9004,-0.343608,-10.462,10.3295,-0.0207966,0.0694575,0.0619903,4,0,41.40273717650872,-91.79734761282938,9874.242364709551,-159.41522453216015,0.1731487547076265,44.2171474063285,176.621,10022.661867135384,12264.339701119052,150,False,10.780257791714307,False,97.26826212689443,176.5249124081054,False,79.44010725214184,False,False
1,1970-07-23 10:27:53.509340660,2025-09-12,2025-09-26 14:29:10.934,AH,C,3374290622,JASSM,3,128,76,2,2,1,225,9,2,0,1,26,0,0,0,0,-170100.21423514312,-4789105.126924361,4200013.948698521,-2.30126,-0.151097,0.130101,92.125,-13.875,-12.125,0.0,0.0,0.0,0.0,0.0,0.0,2,0,41.42339266341918,-92.03418569405386,10997.37638918933,99.959021897547,-0.0046490111754274,0.0024896937498339,,10022.661867135384,12264.339701119052,150,1,2025-09-12,2025-09-26 14:29:10.887,AH,C,1760224322,AMBUSH51,1,1,48,2,1,1,225,2,1,0,0,9,1,225,2,1,-150372.77074345073,-4791079.686603275,4198003.394997622,-2.81932,-2.21172,0.736614,-42.6866,-64.5923,-78.4661,-0.284335,-10.6238,10.6152,0.00259346,0.08057,0.0591607,4,0,41.40200119435551,-91.79769452636428,9866.94975804711,-154.90616634531392,0.6466435263330305,43.89732637008965,177.086,10022.661867135384,12264.339701119052,150,False,10.716980726363438,False,101.61386509345976,176.73668569947043,False,75.31698893808546,False,False
1,1970-07-23 10:27:53.522992863,2025-09-12,2025-09-26 14:29:12.299,AH,C,3375543318,JASSM,3,128,76,2,2,1,225,9,2,0,1,26,0,0,0,0,-170003.47351248687,-4789119.868135299,4200001.142057896,-2.30126,-0.151097,0.130101,92.125,-13.875,-12.125,0.0,0.0,0.0,0.0,0.0,0.0,2,0,41.42323896932852,-92.03302351462445,10997.374376521127,99.9597908153317,-0.0037641111931335,0.0024890335202036,,10022.661867135384,12264.339701119052,150,1,2025-09-12,2025-09-26 14:29:12.187,AH,C,1761775220,AMBUSH51,1,1,48,2,1,1,225,2,1,0,0,9,1,225,2,1,-150436.07067434874,-4791160.5004649935,4197905.617797515,-2.91291,-2.34891,0.664603,-54.6693,-61.0503,-73.0383,-0.265109,-10.5238,10.2955,-0.00912653,0.055632,0.058447,4,0,41.40084855966899,-91.79842046009112,9858.468632917891,-147.66657607607922,1.4596314437828537,43.74421448172361,177.599,10022.661867135384,12264.339701119052,150,False,10.640076092403076,False,108.68341164653462,177.08329261716554,False,68.61029462492637,False,False
1,1970-07-23 10:27:53.530992686,2025-09-12,2025-09-26 14:29:13.099,AH,C,3376736416,JASSM,3,128,76,2,2,1,225,9,2,0,1,26,0,0,0,0,-169911.33557303375,-4789133.906221236,4199988.946745396,-2.30126,-0.151097,0.130101,92.125,-13.875,-12.125,0.0,0.0,0.0,0.0,0.0,0.0,2,0,41.42309260087266,-92.0319166358477,10997.377139062914,99.96052314307472,-0.0029213181500675,0.0024884282143642,,10022.661867135384,12264.339701119052,150,1,2025-09-12,2025-09-26 14:29:13.121,AH,C,1762888686,AMBUSH51,1,1,48,2,1,1,225,2,1,0,0,9,1,225,2,1,-150491.31219605316,-4791216.005656556,4197838.8540217895,-2.96491,-2.43231,0.617689,-62.6432,-57.9291,-68.9044,-0.268492,-10.1655,10.0748,-3.8491e-05,0.0684131,0.0513002,4,0,41.40005734513382,-91.7990595946074,9854.409697213012,-142.9938075090397,1.6983800102412077,43.75331329128875,177.856,10022.661867135384,12264.339701119052,150,False,10.567169547240315,False,113.6409461411267,177.32065895496527,False,63.9084426708993,False,False
1,1970-07-23 10:27:53.540260493,2025-09-12,2025-09-26 14:29:14.026,AH,C,3377989066,JASSM,3,128,76,2,2,1,225,9,2,0,1,26,0,0,0,0,-169814.5986345572,-4789148.643525924,4199976.140104771,-2.30126,-0.151097,0.130101,92.125,-13.875,-12.125,0.0,0.0,0.0,0.0,0.0,0.0,2,0,41.42293890629904,-92.03075451399054,10997.375616063237,99.96129201818438,-0.0020364566205977,0.0024877839236962,,10022.661867135384,12264.339701119052,150,1,2025-09-12,2025-09-26 14:29:13.954,AH,C,1763882852,AMBUSH51,1,1,48,2,1,1,225,2,1,0,0,9,1,225,2,1,-150545.94312778112,-4791262.038909847,4197783.354995521,-3.00251,-2.50043,0.575278,-69.0523,-54.9176,-65.0001,-0.184759,-9.9796,9.85333,-0.00501735,0.0581453,0.0756265,4,0,41.399398632964136,-91.79969497491555,9851.45022783024,-138.95458754556125,1.8516469542826068,43.91757296745337,177.892,10022.661867135384,12264.339701119052,150,False,10.49105961929801,False,117.86041836261577,177.51749779856507,False,59.90543262526591,False,False
1,1970-07-23 10:27:53.550302365,2025-09-12,2025-09-26 14:29:15.030,AH,C,3379182112,JASSM,3,128,76,2,2,1,225,9,2,0,1,26,0,0,0,0,-169722.4659441275,-4789162.678682174,4199963.942839146,-2.30126,-0.151097,0.130197,92.125,-13.875,-12.125,0.0,0.0,0.0,0.0,0.0,0.0,2,0,41.422792519152736,-92.02964770936512,10997.376692342785,99.96611581567107,-0.0048590163194542,0.0024869572213904,,10022.661867135384,12264.339701119052,150,1,2025-09-12,2025-09-26 14:29:15.087,AH,C,1765234918,AMBUSH51,1,1,48,2,1,1,225,2,1,0,0,9,1,225,2,1,-150629.18389755496,-4791320.523092392,4197712.114227397,-3.04681,-2.5896,0.515757,-77.3325,-49.7659,-59.5687,-0.235117,-10.0318,9.84367,8.63447e-05,0.0655897,0.0634987,4,0,41.39855423023732,-91.80066745292012,9847.181106516156,-133.41248225282956,1.9101521453810648,44.21539025657589,177.77,10022.661867135384,12264.339701119052,150,False,10.404164832911905,False,123.69948905982311,177.7754634453306,False,54.36526678534579,False,False
1,1970-07-23 10:27:53.560342664,2025-09-12,2025-09-26 14:29:16.034,AH,C,3380315736,JASSM,3,128,76,2,2,1,225,9,2,0,1,26,0,0,0,0,-169634.9191911978,-4789176.014619674,4199952.351042271,-2.30126,-0.151097,0.130197,92.125,-13.875,-12.125,0.0,0.0,0.0,0.0,0.0,0.0,2,0,41.42265340109788,-92.0285960012009,10997.376817203563,99.9668116356149,-0.0040582177944467,0.002486426740743,,10022.661867135384,12264.339701119052,150,1,2025-09-12,2025-09-26 14:29:15.987,AH,C,1766308616,AMBUSH51,1,1,48,2,1,1,225,2,1,0,0,9,1,225,2,1,-150702.10994378536,-4791363.200856842,4197659.901820501,-3.07537,-2.65704,0.468799,-83.2259,-45.687,-54.6638,-0.320542,-9.79201,9.39755,0.000356822,0.0447484,0.0563082,4,0,41.3979342339551,-91.80152262276012,9844.523530675267,-129.07280562756875,1.799655270919859,44.54698222661406,177.978,10022.661867135384,12264.339701119052,150,False,10.323349364568749,False,128.23894581467724,177.96268894921002,False,50.04704366492132,False,False
1,1970-07-23 10:27:53.572998863,2025-09-12,2025-09-26 14:29:17.299,AH,C,3381508552,JASSM,3,128,76,2,2,1,225,9,2,0,1,26,0,0,0,0,-169542.8027361197,-4789190.045869674,4199940.153776646,-2.30126,-0.151097,0.130197,92.125,-13.875,-12.125,0.0,0.0,0.0,0.0,0.0,0.0,2,0,41.42250701300328,-92.02748940191404,10997.378548247512,99.9675437699626,-0.0032156203253156,0.0024858703852871,,10022.661867135384,12264.339701119052,150,1,2025-09-12,2025-09-26 14:29:17.187,AH,C,1767740214,AMBUSH51,1,1,48,2,1,1,225,2,1,0,0,9,1,225,2,1,-150805.86378726966,-4791413.073707519,4197597.747148677,-3.10911,-2.74232,0.405493,-90.2089,-39.147,-48.4684,-0.265864,-9.73561,9.43381,0.00506521,0.0534723,0.0661827,4,0,41.39719853957531,-91.8027433462358,9840.386464199624,-123.35518202778483,1.54485783097072,44.8511445138729,178.516,10022.661867135384,12264.339701119052,150,False,10.224952006775199,False,134.19132119325968,178.1837631579198,False,44.38482237937325,False,False
1,1970-07-23 10:27:53.579505771,2025-09-12,2025-09-26 14:29:17.950,AH,C,3382701600,JASSM,3,128,76,2,2,1,225,9,2,0,1,26,0,0,0,0,-169450.66833670562,-4789204.078096236,4199927.952604771,-2.30126,-0.151001,0.130197,92.125,-13.875,-12.125,0.0,0.0,0.0,0.0,0.0,0.0,2,0,41.42236058586908,-92.02638259277612,10997.377174406118,99.96464178309569,-0.0064297760807757,0.0017724185303506,,10022.661867135384,12264.339701119052,150,1,2025-09-12,2025-09-26 14:29:18.087,AH,C,1768813914,AMBUSH51,1,1,48,2,1,1,225,2,1,0,0,9,1,225,2,1,-150889.79500784256,-4791446.027420698,4197555.796226295,-3.13368,-2.80473,0.347497,-94.8818,-34.4686,-42.8798,-0.256383,-10.0801,9.86819,-0.00160102,0.0644704,0.0632033,4,0,41.396703584724,-91.80373360577455,9836.935331296136,-118.65473342956416,1.6486749704074248,44.88997671598012,178.809,10022.661867135384,12264.339701119052,150,False,10.13483617806241,False,138.71357801792536,178.3258980393751,False,40.055558310989106,False,False
1,1970-07-23 10:27:53.590302760,2025-09-12,2025-09-26 14:29:19.030,AH,C,3383894646,JASSM,3,128,76,2,2,1,225,9,2,0,1,26,0,0,0,0,-169358.53405936187,-4789218.109346236,4199915.751432896,-2.30116,-0.151001,0.130197,92.125,-13.875,-12.125,0.0,0.0,0.0,0.0,0.0,0.0,2,0,41.42221415386896,-92.02527579048228,10997.377946031953,99.96537404754062,-0.0055870174211001,0.0072632861049892,,10022.661867135384,12264.339701119052,150,1,2025-09-12,2025-09-26 14:29:18.987,AH,C,1769887612,AMBUSH51,1,1,48,2,1,1,225,2,1,0,0,9,1,225,2,1,-150976.40536373,-4791473.938013733,4197519.876971806,3.12908,-2.8655,0.29157,-99.0785,-29.0679,-36.9624,-0.173696,-9.92198,9.67864,-0.00101637,0.0511213,0.0670336,4,0,41.39627883793919,-91.8047577538178,9834.376975195282,-114.05064484595842,1.572777371497844,44.94423511480972,179.188,10022.661867135384,12264.339701119052,150,False,10.042681279110433,False,143.43965793111923,178.44372029298665,False,35.509248808665056,False,False
1,1970-07-23 10:27:53.600320698,2025-09-12,2025-09-26 14:29:20.032,AH,C,3385147422,JASSM,3,128,76,2,2,1,225,9,2,0,1,26,0,0,0,0,-169261.78686697906,-4789232.841768111,4199902.936979771,-2.30116,-0.151001,0.130197,92.125,-13.875,-12.125,0.0,0.0,0.0,0.0,0.0,0.0,2,0,41.42206037068736,-92.02411357949616,10997.375143557569,99.96614296828696,-0.0047020630695418,0.0072626430662058,,10022.661867135384,12264.339701119052,150,1,2025-09-12,2025-09-26 14:29:19.928,AH,C,1771001078,AMBUSH51,1,1,48,2,1,1,225,2,1,0,0,9,1,225,2,1,-151071.15536143485,-4791498.16020625,4197487.927897445,3.11636,-2.92403,0.229929,-102.702,-23.3742,-30.4904,-0.255593,-10.0727,9.93214,-0.0036941,0.0748504,0.0543462,4,0,41.39590129855379,-91.80588051347011,9831.994853814746,-109.25854263785637,1.6821117810165591,45.21669014596165,179.273,10022.661867135384,12264.339701119052,150,False,9.943265255544857,False,148.32634740460026,178.54327849745295,False,30.791707963542216,False,False
1,1970-07-23 10:27:53.610381274,2025-09-12,2025-09-26 14:29:21.038,AH,C,3386340662,JASSM,3,128,76,2,2,1,225,9,2,0,1,26,0,0,0,0,-169169.63757498687,-4789246.873018111,4199890.731901646,-2.30116,-0.151001,0.130197,92.125,-13.875,-12.125,0.0,0.0,0.0,0.0,0.0,0.0,2,0,41.42191389364829,-92.02300660799546,10997.375431066755,99.9668753403118,-0.0038591678538445,0.0072620388941779,,10022.661867135384,12264.339701119052,150,1,2025-09-12,2025-09-26 14:29:20.987,AH,C,1772273610,AMBUSH51,1,1,48,2,1,1,225,2,1,0,0,9,1,225,2,1,-151181.80669933345,-4791518.788900154,4197459.488204488,3.10141,-2.98786,0.158252,-105.987,-16.6839,-22.7189,-0.209759,-10.0809,9.79942,-0.00323637,0.0662888,0.067791,4,0,41.395565831583,-91.80719456983552,9829.626000991631,-103.80596541720452,1.8484762637452368,45.23398472463276,179.359,10022.661867135384,12264.339701119052,150,False,9.837557957328832,False,153.95327597661623,178.6271817304384,False,25.329895141745354,True,False
1,1970-07-23 10:27:53.621888450,2025-09-12,2025-09-26 14:29:22.188,AH,C,3387533436,JASSM,3,128,76,2,2,1,225,9,2,0,1,26,0,0,0,0,-169077.52417166656,-4789260.898408736,4199878.530729771,-2.30116,-0.151001,0.130197,92.125,-13.875,-12.125,0.0,0.0,0.0,0.0,0.0,0.0,2,0,41.42176745964055,-92.02190007275738,10997.37744374107,99.96760742157583,-0.0030166004327186,0.0072614315777717,,10022.661867135384,12264.339701119052,150,1,2025-09-12,2025-09-26 14:29:22.187,AH,C,1773705208,AMBUSH51,1,1,48,2,1,1,225,2,1,0,0,9,1,225,2,1,-151310.2180565009,-4791534.1030812105,4197437.380392222,3.0951,-3.05989,0.0779788,-108.364,-9.0175,-13.8409,-0.356837,-10.1067,9.94247,-0.0169225,0.0610831,0.0540549,4,0,41.39530137381325,-91.80872277518786,9829.306927181557,-97.6443118366692,1.8922957074379825,45.56114322444856,179.518,10022.661867135384,12264.339701119052,150,False,9.721751867932843,False,160.20898782660552,178.6907507616903,False,19.22906642393493,True,False
1,1970-07-23 10:27:53.633404638,2025-09-12,2025-09-26 14:29:23.340,AH,C,3388666830,JASSM,3,128,76,2,2,1,225,9,2,0,1,26,0,0,0,0,-168989.99646170562,-4789274.224580611,4199866.935026646,-2.30116,-0.151001,0.130197,92.125,-13.875,-12.125,0.0,0.0,0.0,0.0,0.0,0.0,2,0,41.42162829849133,-92.02084862932954,10997.376901600092,99.9683030522472,-0.0022159776924882,0.0072608472918736,,10022.661867135384,12264.339701119052,150,1,2025-09-12,2025-09-26 14:29:23.354,AH,C,1775097040,AMBUSH51,1,1,48,2,1,1,225,2,1,0,0,9,1,225,2,1,-151437.2963987334,-4791538.872611294,4197426.480241607,3.07641,-3.12806,0.00245668,-109.479,-3.80694,-4.58262,-0.302089,-10.0033,9.87625,-0.0346305,0.051192,0.0613182,4,0,41.39517553387256,-91.81023902544746,9827.268166130478,-91.81592109870309,1.846147237518806,44.837453663909024,179.725,10022.661867135384,12264.339701119052,150,False,9.607685284485884,False,165.60550888803903,178.72086783605874,False,13.85126717854271,True,False
1,1970-07-23 10:27:53.649409763,2025-09-12,2025-09-26 14:29:24.940,AH,C,3389859878,JASSM,3,128,76,2,2,1,225,9,2,0,1,26,0,0,0,0,-168897.86194022125,-4789288.249971236,4199854.727995396,-2.30116,-0.151001,0.130197,92.125,-13.875,-12.125,0.0,0.0,0.0,0.0,0.0,0.0,2,0,41.42148180861359,-92.01974185145912,10997.37320677627,99.9690352898816,-0.0013732177965197,0.0072602380728887,,10022.661867135384,12264.339701119052,150,1,2025-09-12,2025-09-26 14:29:24.987,AH,C,1777045604,AMBUSH51,1,1,48,2,1,1,225,2,1,0,0,9,1,225,2,1,-151615.4786596343,-4791532.189114468,4197428.696096328,2.76358,3.07191,-0.111235,-109.094,7.19461,6.96332,0.0379475,-10.0134,9.66641,-0.242929,0.0539779,0.0460987,4,0,41.3951967316596,-91.81237007294196,9829.495601808285,-83.77798314728031,2.581598859231764,26.965155667862565,180.434,10022.661867135384,12264.339701119052,150,False,9.462380801893774,False,173.9205285631182,178.73594860027674,False,5.596825971130935,True,False
1,1970-07-23 10:27:53.653786771,2025-09-12,2025-09-26 14:29:25.378,AH,C,3391052924,JASSM,3,128,76,2,2,1,225,9,2,0,1,26,0,0,0,0,-168805.72729666656,-4789302.275361861,4199842.520964146,-2.30116,-0.151001,0.130292,92.125,-13.875,-12.125,0.0,0.0,0.0,0.0,0.0,0.0,2,0,41.42133530811108,-92.0186350771046,10997.374037208649,99.97385909221956,-0.004195710466608,0.0072594602766737,,10022.661867135384,12264.339701119052,150,1,2025-09-12,2025-09-26 14:29:25.202,AH,C,1777284204,AMBUSH51,1,1,48,2,1,1,225,2,1,0,0,9,1,225,2,1,-151637.28401301318,-4791530.846656688,4197430.371693828,2.71373,3.06927,-0.123359,-108.962,7.60368,8.28614,0.0967006,-10.0189,9.77857,-0.252271,0.0481398,0.0255008,4,0,41.3952119249324,-91.81263106182712,9831.525777375768,-83.15689357323785,2.928259074057075,24.12100217569701,180.801,10022.661867135384,12264.339701119052,150,False,9.400107115391396,False,174.50845296381206,178.73145798232943,False,4.936306156520862,True,False
1,1970-07-23 10:27:53.659520305,2025-09-12,2025-09-26 14:29:25.952,AH,C,3392245970,JASSM,3,128,76,2,2,1,225,9,2,0,1,26,0,0,0,0,-168713.5927751822,-4789316.299775924,4199830.313932896,-2.30116,-0.150905,0.130292,92.125,-13.875,-12.125,0.0,0.0,0.0,0.0,0.0,0.0,2,0,41.421188802743394,-92.01752830959494,10997.377013010477,99.97095715732712,-0.0074098632110406,0.0065455614142689,,10022.661867135384,12264.339701119052,150,1,2025-09-12,2025-09-26 14:29:25.921,AH,C,1778159070,AMBUSH51,1,1,48,2,1,1,225,2,1,0,0,9,1,225,2,1,-151717.79866028568,-4791525.569276596,4197438.65062591,2.51872,3.07952,-0.156416,-108.301,8.15683,12.529,0.050041,-9.71153,9.60385,-0.239602,0.0304714,-0.000229906,4,0,41.39528404908438,-91.81359486572102,9842.774196224416,-82.11582527590018,4.615702088265143,13.098618170968011,180.642,10022.661867135384,12264.339701119052,150,False,9.306085867019647,False,175.6923390175845,178.73574653382622,False,3.3630313300755126,True,False
1,1970-07-23 10:27:53.670280324,2025-09-12,2025-09-26 14:29:27.028,AH,C,3393439016,JASSM,3,128,76,2,2,1,225,9,2,0,1,26,0,0,0,0,-168621.45819266266,-4789330.322236861,4199818.104948521,-2.30116,-0.150905,0.130292,92.125,-13.875,-12.125,0.0,0.0,0.0,0.0,0.0,0.0,2,0,41.42104228517957,-92.01642154715316,10997.375477880383,99.97168937844172,-0.0065671043563943,0.0065449629356407,,10022.661867135384,12264.339701119052,150,1,2025-09-12,2025-09-26 14:29:27.054,AH,C,1779511136,AMBUSH51,1,1,48,2,1,1,225,2,1,0,0,9,1,225,2,1,-151840.0313465074,-4791516.878288876,4197455.68038936,2.31756,3.10021,-0.171526,-107.493,6.75506,16.4947,-0.172971,-8.73592,8.60778,-0.131859,0.0149106,-0.00208788,4,0,41.395427686708224,-91.81505831631348,9867.86494682878,-82.23427067163838,6.067074387205717,1.7556260209981858,179.261,10022.661867135384,12264.339701119052,150,True,9.18918389335019,False,174.9133333865972,178.75012232868264,False,3.8628801051184865,True,False
1,1970-07-23 10:27:53.679301730,2025-09-12,2025-09-26 14:29:27.930,AH,C,3394572410,JASSM,3,128,76,2,2,1,225,9,2,0,1,26,0,0,0,0,-168533.93176444,-4789343.643525924,4199806.505339146,-2.30116,-0.150905,0.130292,92.125,-13.875,-12.125,0.0,0.0,0.0,0.0,0.0,0.0,2,0,41.42090307637239,-92.01537014449104,10997.375892410608,99.9723849721992,-0.0057664947592763,0.0065443849818785,,10022.661867135384,12264.339701119052,150,1,2025-09-12,2025-09-26 14:29:27.987,AH,C,1780624602,AMBUSH51,1,1,48,2,1,1,225,2,1,0,0,9,1,225,2,1,-151938.73305316837,-4791510.759853309,4197471.268148543,2.26271,3.10614,-0.174619,-106.801,5.80471,17.5056,-0.0465491,-7.77571,7.52235,0.00676922,0.00644048,-0.0139535,4,0,41.395550706777314,-91.81623969988276,9894.327773752268,-82.32165075791052,6.437072291442008,-1.3381637219765163,178.015,10022.661867135384,12264.339701119052,150,True,9.08752872896327,False,174.28613359612322,178.7663149022583,False,4.488317626593898,True,False
1,1970-07-23 10:27:53.692596833,2025-09-12,2025-09-26 14:29:29.259,AH,C,3395825110,JASSM,3,128,76,2,2,1,225,9,2,0,1,26,0,0,0,0,-168437.1887224478,-4789358.365205611,4199793.685026646,-2.30116,-0.150905,0.130292,92.125,-13.875,-12.125,0.0,0.0,0.0,0.0,0.0,0.0,2,0,41.4207492166069,-92.01420803437122,10997.376947209848,99.9731538062711,-0.0048815842373118,0.0065437647503927,,10022.661867135384,12264.339701119052,150,1,2025-09-12,2025-09-26 14:29:29.287,AH,C,1782175500,AMBUSH51,1,1,48,2,1,1,225,2,1,0,0,9,1,225,2,1,-152077.2145329642,-4791503.301452148,4197493.580132761,2.38747,3.11081,-0.16797,-105.968,5.69633,17.9742,-0.21058,-6.87739,6.86129,0.201808,-0.00412478,0.00695647,4,0,41.39571957267072,-91.81789679234583,9935.192942308164,-82.78598172133694,6.387277589865913,5.803628562315849,176.243,10022.661867135384,12264.339701119052,150,True,8.959255907830403,False,174.14467298225196,178.79580815424077,False,4.6535816594235175,True,False
1,1970-07-23 10:27:53.700610898,2025-09-12,2025-09-26 14:29:30.061,AH,C,3397137460,JASSM,3,128,76,2,2,1,225,9,2,0,1,26,0,0,0,0,-168335.8405168814,-4789373.787080611,4199780.251432896,-2.30116,-0.150905,0.130292,92.125,-13.875,-12.125,0.0,0.0,0.0,0.0,0.0,0.0,2,0,41.42058800339907,-92.01299061160051,10997.375444162715,99.9739592318178,-0.0039545474373721,0.0065430983542759,,10022.661867135384,12264.339701119052,150,1,2025-09-12,2025-09-26 14:29:29.920,AH,C,1782931066,AMBUSH51,1,1,48,2,1,1,225,2,1,0,0,9,1,225,2,1,-152144.16557284625,-4791499.006625871,4197504.703766828,2.51751,3.10306,-0.170863,-105.512,6.25057,18.6531,-0.195997,-6.59412,6.57029,0.191682,-0.0123452,0.0127884,4,0,41.39580757483898,-91.8186982017304,9953.988856632355,-82.37192944799652,6.166560045963831,13.22502913401691,175.302,10022.661867135384,12264.339701119052,150,False,8.867224139882625,False,174.26566072799247,178.80450171019913,False,4.539383485463389,True,False
1,1970-07-23 10:27:53.713810447,2025-09-12,2025-09-26 14:29:31.381,AH,C,3398449812,JASSM,3,128,76,2,2,1,225,9,2,0,1,26,0,0,0,0,-168234.49221976227,-4789389.207979049,4199766.817839146,-2.30116,-0.150905,0.130292,92.125,-13.875,-12.125,0.0,0.0,0.0,0.0,0.0,0.0,2,0,41.420426783134815,-92.01177319416762,10997.377020502612,99.97476465125324,-0.0030275111160972,0.0065424377392308,,10022.661867135384,12264.339701119052,150,1,2025-09-12,2025-09-26 14:29:31.320,AH,C,1784601264,AMBUSH51,1,1,48,2,1,1,225,2,1,0,0,9,1,225,2,1,-152290.64776116997,-4791485.897835292,4197530.282934583,2.86077,3.05145,-0.182583,-104.259,11.2377,19.9207,-0.390597,-5.60387,5.38654,0.159699,0.000375547,0.0435458,4,0,41.39603055851085,-91.82045301736945,9988.68315643802,-79.941150811566,4.417906000022489,32.59703537286372,173.982,10022.661867135384,12264.339701119052,150,False,8.731545293954454,False,175.89652930934392,178.82352130399198,False,3.1311293126905455,True,False
1,1970-07-23 10:27:53.724983362,2025-09-12,2025-09-26 14:29:32.498,AH,C,3399762572,JASSM,3,128,76,2,2,1,225,9,2,0,1,26,0,0,0,0,-168133.1122759146,-4789404.631807174,4199753.378386021,-2.30116,-0.150905,0.130292,92.125,-13.875,-12.125,0.0,0.0,0.0,0.0,0.0,0.0,2,0,41.4202654996222,-92.01055540340356,10997.37583898178,99.9755703150965,-0.0021001858770966,0.0065417767518397,,10022.661867135384,12264.339701119052,150,1,2025-09-12,2025-09-26 14:29:32.487,AH,C,1785993096,AMBUSH51,1,1,48,2,1,1,225,2,1,0,0,9,1,225,2,1,-152412.13293065043,-4791467.980834,4197553.3995517,2.98639,2.97877,-0.198005,-103.014,17.9174,20.9794,-0.232109,-5.64284,5.66929,0.0696739,0.00113496,0.0671543,4,0,41.396270219544725,-91.82191105747414,10004.26256694022,-76.56114312201846,1.9475391487636329,39.19391889691615,173.799,10022.661867135384,12264.339701119052,150,False,8.608845331007357,False,175.8653232593126,178.81823828380413,False,4.174244751745775,True,False
1,1970-07-23 10:27:53.734277563,2025-09-12,2025-09-26 14:29:33.427,AH,C,3401134266,JASSM,3,128,76,2,2,1,225,9,2,0,1,26,0,0,0,0,-168027.1810472769,-4789420.747041549,4199739.333464146,-2.30116,-0.150905,0.130292,92.125,-13.875,-12.125,0.0,0.0,0.0,0.0,0.0,0.0,2,0,41.4200969535009,-92.00928294880482,10997.373345081343,99.97641214058444,-0.0011312287607041,0.0065410778301603,,10022.661867135384,12264.339701119052,150,1,2025-09-12,2025-09-26 14:29:33.454,AH,C,1787146328,AMBUSH51,1,1,48,2,1,1,225,2,1,0,0,9,1,225,2,1,-152510.0265822272,-4791447.813497484,4197573.638515709,3.01181,2.92219,-0.218421,-101.816,23.3837,22.573,-0.114497,-6.05441,5.90764,-0.0127488,0.0171868,0.0634737,4,0,41.39650828660557,-91.82308814183442,10006.22404468133,-73.5643048263837,0.3852353003535438,40.041459390356,174.275,10022.661867135384,12264.339701119052,150,False,8.4961295252042,False,173.56922810708033,178.79472346338207,False,6.91650183949535,True,False
1,1970-07-23 10:27:53.760642906,2025-09-12,2025-09-26 14:29:36.064,AH,C,3402446518,JASSM,3,128,76,2,2,1,225,9,2,0,1,26,0,0,0,0,-167925.8403948111,-4789436.163057174,4199725.897917271,-2.30116,-0.150809,0.130292,92.125,-13.875,-12.125,0.0,0.0,0.0,0.0,0.0,0.0,2,0,41.41993570827002,-92.00806564310123,10997.376050628509,99.97358336769584,-0.0042612207981613,0.0058268638638618,,10022.661867135384,12264.339701119052,150,1,2025-09-12,2025-09-26 14:29:35.953,AH,C,1790128824,AMBUSH51,1,1,48,2,1,1,225,2,1,0,0,9,1,225,2,1,-152760.25389463428,-4791372.52610888,4197637.175054157,2.67371,2.79624,-0.285981,-98.4174,35.4179,28.7731,-0.113575,-7.3361,7.16361,-0.292158,0.00653827,0.0436686,4,0,41.39733764011636,-91.82610598214202,9978.479723412156,-65.9516563978368,-2.0277197188756246,18.756386225289813,177.049,10022.661867135384,12264.339701119052,150,False,8.298403657727446,False,166.4223689417704,178.67163549611223,False,14.417080828575322,True,False
1,1970-07-23 10:27:53.760737085,2025-09-12,2025-09-26 14:29:36.073,AH,C,3403758868,JASSM,3,128,76,2,2,1,225,9,2,0,1,26,0,0,0,0,-167824.49193556732,-4789451.578096236,4199712.458464146,-2.30116,-0.150809,0.130388,92.125,-13.875,-12.125,0.0,0.0,0.0,0.0,0.0,0.0,2,0,41.419774431232895,-92.00684825055208,10997.37269145054,99.97848042116324,-0.0069993352794975,0.0058257706350988,,10022.661867135384,12264.339701119052,150,1,2025-09-12,2025-09-26 14:29:35.953,AH,C,1790128824,AMBUSH51,1,1,48,2,1,1,225,2,1,0,0,9,1,225,2,1,-152760.25389463428,-4791372.52610888,4197637.175054157,2.67371,2.79624,-0.285981,-98.4174,35.4179,28.7731,-0.113575,-7.3361,7.16361,-0.292158,0.00653827,0.0436686,4,0,41.39733764011636,-91.82610598214202,9978.479723412156,-65.9516563978368,-2.0277197188756246,18.756386225289813,177.049,10022.661867135384,12264.339701119052,150,False,8.2428046487669,False,166.4223689417704,178.6622393963325,False,14.42365207925822,True,False
1,1970-07-23 10:27:53.777886717,2025-09-12,2025-09-26 14:29:37.788,AH,C,3405071220,JASSM,3,128,76,2,2,1,225,9,2,0,1,26,0,0,0,0,-167723.14343436187,-4789466.993135299,4199699.019011021,-2.30116,-0.150809,0.130388,92.125,-13.875,-12.125,0.0,0.0,0.0,0.0,0.0,0.0,2,0,41.41961314131902,-92.00563086352524,10997.37481702633,99.97928580755423,-0.0060722980318556,0.0058251126067379,,10022.661867135384,12264.339701119052,150,1,2025-09-12,2025-09-26 14:29:37.553,AH,C,1792037622,AMBUSH51,1,1,48,2,1,1,225,2,1,0,0,9,1,225,2,1,-152917.58130107235,-4791314.934477364,4197686.292929685,2.29049,2.79789,-0.301895,-98.3651,36.6158,31.3416,-0.152365,-7.72375,7.46521,-0.125251,0.00986098,-0.030101,4,0,41.39798195750986,-91.82800736633445,9955.722936666718,-65.3649466611295,-1.3232125891648563,-3.1904640739487578,179.897,10022.661867135384,12264.339701119052,150,True,8.096529167199702,False,165.20547340994537,178.53745207077432,False,15.769644560012248,True,False
1,1970-07-23 10:27:53.781856311,2025-09-12,2025-09-26 14:29:38.185,AH,C,3406383574,JASSM,3,128,76,2,2,1,225,9,2,0,1,26,0,0,0,0,-167621.79474051422,-4789482.406221236,4199685.579557896,-2.30116,-0.150809,0.130388,92.125,-13.875,-12.125,0.0,0.0,0.0,0.0,0.0,0.0,2,0,41.41945185018095,-92.00441348103811,10997.37761214913,99.98009118836028,-0.0051452616827833,0.0058244662066509,,10022.661867135384,12264.339701119052,150,1,2025-09-12,2025-09-26 14:29:38.053,AH,C,1792634122,AMBUSH51,1,1,48,2,1,1,225,2,1,0,0,9,1,225,2,1,-152966.24108616376,-4791297.2275426425,4197702.039559852,2.24597,2.80842,-0.293967,-98.8296,36.3648,31.4157,-0.0456317,-7.66325,7.39569,-0.055012,0.00665062,-0.0237802,4,0,41.3981843508508,-91.82859541352258,9950.151399739909,-66.09328556295479,-1.2277039628401532,-5.548029648469638,180.141,10022.661867135384,12264.339701119052,150,True,8.01287379746041,False,165.37921890319237,178.4887507809983,False,15.651664580673529,True,False
1,1970-07-23 10:27:53.794178805,2025-09-12,2025-09-26 14:29:39.417,AH,C,3407755576,JASSM,3,128,76,2,2,1,225,9,2,0,1,26,0,0,0,0,-167515.83950980133,-4789498.517549361,4199671.526823521,-2.30116,-0.150809,0.130388,92.125,-13.875,-12.125,0.0,0.0,0.0,0.0,0.0,0.0,2,0,41.41928321162622,-92.00314077306024,10997.375434397274,99.98093316795944,-0.0041760895895861,0.0058237877088713,,10022.661867135384,12264.339701119052,150,1,2025-09-12,2025-09-26 14:29:39.453,AH,C,1794304320,AMBUSH51,1,1,48,2,1,1,225,2,1,0,0,9,1,225,2,1,-153105.1759227548,-4791248.520857729,4197745.5855126325,2.31494,2.82797,-0.292623,-100.078,34.837,31.686,-0.236577,-7.76735,7.49752,0.126678,0.00883108,0.00210868,4,0,41.39874165788957,-91.83027373831112,9935.73547584591,-66.89591460167915,-0.508987232976986,-1.260499090478483,181.253,10022.661867135384,12264.339701119052,150,True,7.8749057394172794,False,166.10753423151948,178.36679251609084,False,15.038958568093282,True,False
1,1970-07-23 10:27:53.802647715,2025-09-12,2025-09-26 14:29:40.264,AH,C,3409008434,JASSM,3,128,76,2,2,1,225,9,2,0,1,26,0,0,0,0,-167419.0852068228,-4789513.229463424,4199658.692839146,-2.30116,-0.150809,0.130388,92.125,-13.875,-12.125,0.0,0.0,0.0,0.0,0.0,0.0,2,0,41.4191291964849,-92.00197859024072,10997.374463264294,99.9817020254715,-0.0032910769543723,0.0058231596938132,,10022.661867135384,12264.339701119052,150,1,2025-09-12,2025-09-26 14:29:40.353,AH,C,1795378020,AMBUSH51,1,1,48,2,1,1,225,2,1,0,0,9,1,225,2,1,-153196.25236399798,-4791216.788931665,4197774.91035765,2.41623,2.83233,-0.298179,-100.331,34.5959,32.7303,-0.373266,-7.65663,7.49833,0.0997864,0.000360983,0.0150333,4,0,41.399111065986496,-91.83137387803843,9928.466506365055,-66.83241633559747,-0.1155269468869263,4.61533719215709,181.791,10022.661867135384,12264.339701119052,150,True,7.7694881709620205,False,165.9025693778196,178.2781183196133,False,15.317570303635494,True,False
1,1970-07-23 10:27:53.813788422,2025-09-12,2025-09-26 14:29:41.378,AH,C,3410380278,JASSM,3,128,76,2,2,1,225,9,2,0,1,26,0,0,0,0,-167313.1421526236,-4789529.337861861,4199644.640104771,-2.30116,-0.150809,0.130388,92.125,-13.875,-12.125,0.0,0.0,0.0,0.0,0.0,0.0,2,0,41.41896054588775,-92.00070604157128,10997.377604271998,99.98254389428207,-0.0023220157407671,0.0058224766966088,,10022.661867135384,12264.339701119052,150,1,2025-09-12,2025-09-26 14:29:41.286,AH,C,1796491484,AMBUSH51,1,1,48,2,1,1,225,2,1,0,0,9,1,225,2,1,-153289.8861297625,-4791184.202339693,4197805.959456213,2.49364,2.82605,-0.314859,-100.178,34.9799,34.1364,-0.196542,-7.80423,7.53486,0.0838428,0.0107244,0.0317738,4,0,41.3994967012792,-91.83250490835522,9923.0427431506,-65.90665188968629,0.3007038981521728,8.943577336312845,182.316,10022.661867135384,12264.339701119052,150,True,7.657538192274651,False,165.27394089520163,178.1806388897321,False,16.03647887668459,True,False
1,1970-07-23 10:27:53.823298968,2025-09-12,2025-09-26 14:29:42.329,AH,C,3411752280,JASSM,3,128,76,2,2,1,225,9,2,0,1,26,0,0,0,0,-167207.18670828766,-4789545.446260299,4199630.583464146,-2.30116,-0.150809,0.130388,92.125,-13.875,-12.125,0.0,0.0,0.0,0.0,0.0,0.0,2,0,41.4187918574236,-91.9994333514482,10997.377200601091,99.98338585385189,-0.0013528410429244,0.0058217894636145,,10022.661867135384,12264.339701119052,150,1,2025-09-12,2025-09-26 14:29:42.387,AH,C,1797803784,AMBUSH51,1,1,48,2,1,1,225,2,1,0,0,9,1,225,2,1,-153398.9890716704,-4791145.537632827,4197844.293300801,2.58504,2.81712,-0.333396,-99.3874,36.075,36.182,-0.293194,-7.57798,7.2298,0.0657353,0.00825892,0.0263039,4,0,41.39996471359933,-91.83382307873374,9919.697540740952,-64.80657199888833,0.6907823806200944,14.02699808681818,182.732,10022.661867135384,12264.339701119052,150,False,7.536549368919906,False,164.05961081598423,178.0589075796888,False,17.375802890350883,True,False
1,1970-07-23 10:27:53.834318417,2025-09-12,2025-09-26 14:29:43.431,AH,C,3413064632,JASSM,3,128,76,2,2,1,225,9,2,0,1,26,0,0,0,0,-167105.83795340484,-4789560.852510299,4199617.136198521,-2.30116,-0.150714,0.130388,92.125,-13.875,-12.125,0.0,0.0,0.0,0.0,0.0,0.0,2,0,41.41863048865321,-91.9982160017608,10997.374166377716,99.98055718588904,-0.0044827556904187,0.005107067413325,,10022.661867135384,12264.339701119052,150,1,2025-09-12,2025-09-26 14:29:43.420,AH,C,1799036548,AMBUSH51,1,1,48,2,1,1,225,2,1,0,0,9,1,225,2,1,-153501.2245680292,-4791107.773707802,4197882.960434269,2.64296,2.79944,-0.354307,-98.7143,35.0435,39.8001,-0.212209,-7.58362,7.08305,0.0475655,0.0100025,0.0246561,4,0,41.400430911338695,-91.83505888163752,9918.757562715133,-63.28364279963322,0.8446628854742957,17.02460379186671,183.172,10022.661867135384,12264.339701119052,150,False,7.421823018903684,False,162.91114586370983,177.9295545296166,False,18.55155217312072,True,False
1,1970-07-23 10:27:53.844458587,2025-09-12,2025-09-26 14:29:44.445,AH,C,3414317330,JASSM,3,128,76,2,2,1,225,9,2,0,1,26,0,0,0,0,-167009.09588797516,-4789575.557588424,4199604.300261021,-2.30116,-0.150714,0.130484,92.125,-13.875,-12.125,0.0,0.0,0.0,0.0,0.0,0.0,2,0,41.41847644870386,-91.99705399128014,10997.374393522045,99.98541762639186,-0.0072629572977618,0.0051060004701744,,10022.661867135384,12264.339701119052,150,1,2025-09-12,2025-09-26 14:29:44.553,AH,C,1800388614,AMBUSH51,1,1,48,2,1,1,225,2,1,0,0,9,1,225,2,1,-153612.62540254084,-4791062.664687287,4197928.334765403,2.67303,2.76999,-0.373105,-96.9182,39.7058,41.2795,0.0313819,-7.47716,7.00937,0.0368525,0.0070605,0.0442137,4,0,41.4009843197066,-91.8364070102742,9915.033149522078,-61.409748396913365,0.4823315475830447,18.16860039586892,183.831,10022.661867135384,12264.339701119052,150,False,7.303927337910035,False,160.66393635690793,177.76311140204882,False,21.097690273774024,True,False
1,1970-07-23 10:27:53.854182482,2025-09-12,2025-09-26 14:29:45.418,AH,C,3415391072,JASSM,3,128,76,2,2,1,225,9,2,0,1,26,0,0,0,0,-166926.17566092435,-4789588.161104049,4199593.298307896,-2.30116,-0.150714,0.130484,92.125,-13.875,-12.125,0.0,0.0,0.0,0.0,0.0,0.0,2,0,41.41834441166102,-91.99605800545586,10997.37724810527,99.98607652372424,-0.0065044880125396,0.0051054764837809,,10022.661867135384,12264.339701119052,150,1,2025-09-12,2025-09-26 14:29:45.286,AH,C,1801263480,AMBUSH51,1,1,48,2,1,1,225,2,1,0,0,9,1,225,2,1,-153683.42670935817,-4791032.4098292645,4197959.30852236,2.69616,2.75379,-0.382318,-95.9297,41.5088,42.896,-0.315363,-7.38048,7.03839,0.000184133,0.00581422,0.0247143,4,0,41.40135988386639,-91.8372644393296,9913.404671595616,-60.42633389994501,0.2488301342014263,19.15797752540461,184.186,10022.661867135384,12264.339701119052,150,False,7.217061339854651,False,159.3602820583885,177.63950155742182,False,22.553212128005015,True,False
1,1970-07-23 10:27:53.865781380,2025-09-12,2025-09-26 14:29:46.578,AH,C,3416703422,JASSM,3,128,76,2,2,1,225,9,2,0,1,26,0,0,0,0,-166824.8251970572,-4789603.564424361,4199579.849089146,-2.30116,-0.150714,0.130484,92.125,-13.875,-12.125,0.0,0.0,0.0,0.0,0.0,0.0,2,0,41.418183011770616,-91.994840653281,10997.37784247731,99.98688186426604,-0.0055774375564644,0.0051048320022952,,10022.661867135384,12264.339701119052,150,1,2025-09-12,2025-09-26 14:29:46.390,AH,C,1802575778,AMBUSH51,1,1,48,2,1,1,225,2,1,0,0,9,1,225,2,1,-153787.50912606926,-4790985.595271245,4198007.354152363,2.65425,2.72995,-0.402268,-94.4174,43.7522,45.1588,-0.170225,-7.41663,7.03765,-0.0629494,0.0069107,0.0300178,4,0,41.40194284287115,-91.83852582923436,9910.717381638147,-58.72554034300334,0.1826482392784553,16.240780014439974,184.711,10022.661867135384,12264.339701119052,150,False,7.100418391143466,False,157.5926978817431,177.439990774746,False,24.553442736087185,True,False
1,1970-07-23 10:27:53.875298238,2025-09-12,2025-09-26 14:29:47.529,AH,C,3417956264,JASSM,3,128,76,2,2,1,225,9,2,0,1,26,0,0,0,0,-166728.07214529935,-4789618.267549361,4199567.007292271,-2.30116,-0.150714,0.130484,92.125,-13.875,-12.125,0.0,0.0,0.0,0.0,0.0,0.0,2,0,41.41802891207461,-91.99367852830194,10997.37413551696,99.98765066679324,-0.0046924383735968,0.0051042076373691,,10022.661867135384,12264.339701119052,150,1,2025-09-12,2025-09-26 14:29:47.586,AH,C,1804007376,AMBUSH51,1,1,48,2,1,1,225,2,1,0,0,9,1,225,2,1,-153900.42736722104,-4790931.820817091,4198063.277964431,2.53951,2.70974,-0.425356,-93.0559,45.1341,47.5095,-0.23276,-7.46741,7.25482,-0.149404,0.00486339,0.0220907,4,0,41.402618685091554,-91.839895473466,9908.71115766224,-57.045070095469576,0.4008334308084444,9.209720355510248,185.322,10022.661867135384,12264.339701119052,150,True,6.980845423284995,False,156.0885092926557,177.1962282562424,False,26.316157947463395,True,False
1,1970-07-23 10:27:53.887777019,2025-09-12,2025-09-26 14:29:48.777,AH,C,3419268474,JASSM,3,128,76,2,2,1,225,9,2,0,1,26,0,0,0,0,-166626.73401053375,-4789633.666963424,4199553.558073521,-2.30116,-0.150714,0.130484,92.125,-13.875,-12.125,0.0,0.0,0.0,0.0,0.0,0.0,2,0,41.41786750768927,-91.99246133684235,10997.376907811966,99.988455895967,-0.0037655014475116,0.005103564063584,,10022.661867135384,12264.339701119052,150,1,2025-09-12,2025-09-26 14:29:48.886,AH,C,1805558274,AMBUSH51,1,1,48,2,1,1,225,2,1,0,0,9,1,225,2,1,-154020.88558642435,-4790872.962618878,4198126.014966032,2.40698,2.70776,-0.433824,-92.5469,45.4996,48.8385,-0.0735767,-7.41375,7.12549,-0.0585823,-0.00369202,-0.00974238,4,0,41.40336930410575,-91.8413571790418,9909.5900801367,-56.63656062247354,0.6820385726593214,1.5726778450236054,186.117,10022.661867135384,12264.339701119052,150,True,6.854248376192941,False,155.42672682172434,176.91013407767443,False,27.27868560138248,True,False
1,1970-07-23 10:27:53.897430095,2025-09-12,2025-09-26 14:29:49.743,AH,C,3420580824,JASSM,3,128,76,2,2,1,225,9,2,0,1,26,0,0,0,0,-166525.3850115103,-4789649.066377486,4199540.104948521,-2.30116,-0.150714,0.130484,92.125,-13.875,-12.125,0.0,0.0,0.0,0.0,0.0,0.0,2,0,41.41770606630861,-91.99124402160464,10997.37576032352,99.9892612044439,-0.0028384644462881,0.0051029135770707,,10022.661867135384,12264.339701119052,150,1,2025-09-12,2025-09-26 14:29:49.553,AH,C,1806353608,AMBUSH51,1,1,48,2,1,1,225,2,1,0,0,9,1,225,2,1,-154081.86405028385,-4790842.97782382,4198158.334473183,2.38023,2.71242,-0.431793,-92.5126,45.4988,49.1012,-0.152992,-7.19788,6.86478,-0.0307169,0.00111,-0.0134521,4,0,41.40375418872803,-91.84209721051192,9910.789774798615,-56.892671927957366,0.7660566589748434,0.1490286924099633,186.117,10022.661867135384,12264.339701119052,150,True,6.762781160891938,False,155.33427034259748,176.74358226091277,False,27.546606763538268,True,False
1,1970-07-23 10:27:53.908459830,2025-09-12,2025-09-26 14:29:50.845,AH,C,3421893174,JASSM,3,128,76,2,2,1,225,9,2,0,1,26,0,0,0,0,-166424.03589041656,-4789664.463838424,4199526.651823521,-2.30116,-0.150714,0.130484,92.125,-13.875,-12.125,0.0,0.0,0.0,0.0,0.0,0.0,2,0,41.4175446236901,-91.99002671174853,10997.375288337287,99.99006650677744,-0.0019114289610932,0.0051022745947458,,10022.661867135384,12264.339701119052,150,1,2025-09-12,2025-09-26 14:29:50.953,AH,C,1808023806,AMBUSH51,1,1,48,2,1,1,225,2,1,0,0,9,1,225,2,1,-154212.24529324868,-4790778.804189411,4198227.794249757,2.38356,2.71572,-0.437554,-92.5966,45.3154,49.5656,-0.229013,-7.25197,6.94343,0.0524757,-0.00329878,-0.00830261,4,0,41.4045798821981,-91.84367956320006,9913.985141474945,-56.78889672677836,1.1244061885465684,0.4207460845900838,186.715,10022.661867135384,12264.339701119052,150,True,6.630606258629755,False,155.25929589069585,176.40152939732747,False,27.979983590361027,True,False
1,1970-07-23 10:27:53.918478531,2025-09-12,2025-09-26 14:29:51.847,AH,C,3423145874,JASSM,3,128,76,2,2,1,225,9,2,0,1,26,0,0,0,0,-166327.29358084625,-4789679.161104049,4199513.808073521,-2.30116,-0.150618,0.130484,92.125,-13.875,-12.125,0.0,0.0,0.0,0.0,0.0,0.0,2,0,41.417390494816665,-91.98886474030977,10997.374571998042,99.98720128071396,-0.0050834759122389,0.0043871048430878,,10022.661867135384,12264.339701119052,150,1,2025-09-12,2025-09-26 14:29:51.820,AH,C,1809057738,AMBUSH51,1,1,48,2,1,1,225,2,1,0,0,9,1,225,2,1,-154291.7748353931,-4790740.078138762,4198270.135098223,2.41804,2.7173,-0.434737,-92.6303,45.2822,49.8462,-0.204005,-7.02271,6.76623,0.0351048,-0.00101013,-0.00770964,4,0,41.40508084717024,-91.8446446201861,9916.909035134771,-56.960554710832525,1.065781576899427,2.4316043612088887,186.801,10022.661867135384,12264.339701119052,150,True,6.531025808219749,False,155.1886800492907,176.17360066636326,False,28.287459571592013,True,False
1,1970-07-23 10:27:53.938984234,2025-09-12,2025-09-26 14:29:53.898,AH,C,3424398574,JASSM,3,128,76,2,2,1,225,9,2,0,1,26,0,0,0,0,-166230.55114920562,-4789693.857393111,4199500.964323521,-2.30116,-0.150618,0.130484,92.125,-13.875,-12.125,0.0,0.0,0.0,0.0,0.0,0.0,2,0,41.41723636003987,-91.98770277331188,10997.376444775357,99.98796996667436,-0.0041985768450426,0.0043864321590812,,10022.661867135384,12264.339701119052,150,1,2025-09-12,2025-09-26 14:29:53.920,AH,C,1811563036,AMBUSH51,1,1,48,2,1,1,225,2,1,0,0,9,1,225,2,1,-154485.3216467259,-4790643.078967683,4198376.308202393,2.59685,2.69777,-0.461174,-90.9723,46.6872,51.8816,-0.239783,-7.21705,6.74145,0.0336942,0.00137423,0.0360078,4,0,41.40633749739876,-91.84699434970138,9924.065716085031,-55.18606748272544,1.4671200338762187,12.23090457419231,186.911,10022.661867135384,12264.339701119052,150,False,6.36481902496224,False,153.70377733569552,175.61635183197615,False,30.358306076893587,False,False
1,1970-07-23 10:27:53.940518400,2025-09-12,2025-09-26 14:29:54.051,AH,C,3425651276,JASSM,3,128,76,2,2,1,225,9,2,0,1,26,0,0,0,0,-166133.80835135406,-4789708.551729049,4199488.118620396,-2.30116,-0.150618,0.130484,92.125,-13.875,-12.125,0.0,0.0,0.0,0.0,0.0,0.0,2,0,41.41708221203957,-91.98654080824284,10997.374245561525,99.98873864900423,-0.0033136748632064,0.0043857584316441,,10022.661867135384,12264.339701119052,150,1,2025-09-12,2025-09-26 14:29:53.954,AH,C,1811602802,AMBUSH51,1,1,48,2,1,1,225,2,1,0,0,9,1,225,2,1,-154487.44118714225,-4790641.972139473,4198377.506905326,2.59728,2.69753,-0.461528,-90.921,46.8583,51.8189,-0.227076,-7.21328,6.77274,0.0253781,0.00242701,0.0259835,4,0,41.40635176699495,-91.84702009937234,9924.11270662092,-55.16318332780333,1.4733342346629017,12.25009616137596,186.96,10022.661867135384,12264.339701119052,150,False,6.310639191077335,False,153.66567760741378,175.57252365492315,False,30.44349530893851,False,False
1,1970-07-23 10:27:53.951275496,2025-09-12,2025-09-26 14:29:55.127,AH,C,3426963624,JASSM,3,128,76,2,2,1,225,9,2,0,1,26,0,0,0,0,-166032.45947440094,-4789723.945283736,4199474.661589146,-2.30116,-0.150618,0.13058,92.125,-13.875,-12.125,0.0,0.0,0.0,0.0,0.0,0.0,2,0,41.416920716473264,-91.98532352622126,10997.376916370478,99.99363567604844,-0.0060516904948066,0.004384755439466,,10022.661867135384,12264.339701119052,150,1,2025-09-12,2025-09-26 14:29:55.120,AH,C,1812994634,AMBUSH51,1,1,48,2,1,1,225,2,1,0,0,9,1,225,2,1,-154593.41902974603,-4790585.674985815,4198439.226395674,2.60503,2.67629,-0.474451,-89.4799,48.348,53.485,-0.178998,-7.32996,6.94578,-0.0751043,0.00185901,0.0197064,4,0,41.40708296964449,-91.848307975447,9927.988347648485,-53.86499445395129,1.271333457099049,12.176000274939396,187.192,10022.661867135384,12264.339701119052,150,False,6.193199870247565,False,152.34552750598692,175.20439844419678,False,32.15025726539462,False,False
1,1970-07-23 10:27:53.962319024,2025-09-12,2025-09-26 14:29:56.231,AH,C,3428275974,JASSM,3,128,76,2,2,1,225,9,2,0,1,26,0,0,0,0,-165931.11010916656,-4789739.336885299,4199461.202604771,-2.30116,-0.150618,0.13058,92.125,-13.875,-12.125,0.0,0.0,0.0,0.0,0.0,0.0,2,0,41.41675920656418,-91.98410624520558,10997.375992375011,99.9944409468254,-0.0051246537141562,0.004384119127837,,10022.661867135384,12264.339701119052,150,1,2025-09-12,2025-09-26 14:29:56.319,AH,C,1814426232,AMBUSH51,1,1,48,2,1,1,225,2,1,0,0,9,1,225,2,1,-154699.27897748363,-4790527.577381454,4198503.339364606,2.55639,2.65719,-0.491343,-88.2045,49.4497,54.916,-0.205658,-7.16202,6.94541,-0.023957,-0.000250712,0.0223362,4,0,41.40784104774985,-91.8495951660039,9932.629764770354,-52.49716680852855,1.3272194029962348,8.912383478004365,187.4,10022.661867135384,12264.339701119052,150,True,6.07594126511647,False,151.2468139482092,174.80544986778102,False,33.66146049514677,False,False
1,1970-07-23 10:27:53.972336848,2025-09-12,2025-09-26 14:29:57.233,AH,C,3429528672,JASSM,3,128,76,2,2,1,225,9,2,0,1,26,0,0,0,0,-165834.36755545562,-4789754.028291549,4199448.352995396,-2.30116,-0.150618,0.13058,92.125,-13.875,-12.125,0.0,0.0,0.0,0.0,0.0,0.0,2,0,41.41660501324871,-91.98294430127552,10997.373610749672,99.9952096079206,-0.0042397531043105,0.0043834990732859,,10022.661867135384,12264.339701119052,150,1,2025-09-12,2025-09-26 14:29:57.254,AH,C,1815539698,AMBUSH51,1,1,48,2,1,1,225,2,1,0,0,9,1,225,2,1,-154780.9133848641,-4790481.144948653,4198554.773515009,2.52657,2.64895,-0.496739,-87.4178,50.1572,55.8232,-0.14815,-7.33401,6.92108,-0.0336609,0.00763474,0.00846074,4,0,41.40844878540885,-91.85058843854478,9936.531438110243,-51.98195469189117,1.276583033342461,6.991172958193324,187.595,10022.661867135384,12264.339701119052,150,True,5.975446542320038,False,150.556932235152,174.46342119391363,False,34.703477896141756,False,False
1,1970-07-23 10:27:53.983457201,2025-09-12,2025-09-26 14:29:58.345,AH,C,3430841024,JASSM,3,128,76,2,2,1,225,9,2,0,1,26,0,0,0,0,-165733.01819022125,-4789769.417939986,4199434.892057896,-2.30116,-0.150618,0.13058,92.125,-13.875,-12.125,0.0,0.0,0.0,0.0,0.0,0.0,2,0,41.41644347659884,-91.98172703285692,10997.37437248784,99.99601486531412,-0.0033127165985546,0.0043828610231221,,10022.661867135384,12264.339701119052,150,1,2025-09-12,2025-09-26 14:29:58.253,AH,C,1816732696,AMBUSH51,1,1,48,2,1,1,225,2,1,0,0,9,1,225,2,1,-154867.80215322832,-4790430.577583589,4198611.0885640485,2.49962,2.64115,-0.501308,-86.7539,50.6852,56.8249,-0.0694679,-7.43204,7.00533,-0.0110823,-0.000506625,0.00823811,4,0,41.40911304995608,-91.85164610532884,9941.279238639623,-51.51615442621485,1.208705047670943,5.243872615833189,187.754,10022.661867135384,12264.339701119052,150,True,5.869529162587037,False,149.9226954987908,174.07641744747608,False,35.72951598379088,False,False
1,1970-07-23 10:27:53.994487190,2025-09-12,2025-09-26 14:29:59.448,AH,C,3432153376,JASSM,3,128,76,2,2,1,225,9,2,0,1,26,0,0,0,0,-165631.66858084625,-4789784.806611861,4199421.431120396,-2.30116,-0.150618,0.13058,92.125,-13.875,-12.125,0.0,0.0,0.0,0.0,0.0,0.0,2,0,41.4162819329268,-91.9805097679574,10997.37820055374,99.99682011779532,-0.0023856792280581,0.0043822290222751,,10022.661867135384,12264.339701119052,150,1,2025-09-12,2025-09-26 14:29:59.552,AH,C,1818283594,AMBUSH51,1,1,48,2,1,1,225,2,1,0,0,9,1,225,2,1,-154980.169759703,-4790364.1839564,4198685.462306646,2.5482,2.6323,-0.510678,-85.7236,51.3707,57.6588,-0.24799,-7.10145,6.77611,0.0445403,9.88282e-05,0.00987554,4,0,41.40998845311286,-91.8530143342252,9948.327736694771,-50.82791123170487,1.313094677027658,7.79646213814886,187.986,10022.661867135384,12264.339701119052,150,True,5.749120637825016,False,149.1824250109469,173.56198412793344,False,36.998792652448735,False,False
1,1970-07-23 10:27:54.005493865,2025-09-12,2025-09-26 14:30:00.549,AH,C,3433465726,JASSM,3,128,76,2,2,1,225,9,2,0,1,26,0,0,0,0,-165530.31921561187,-4789800.193330611,4199407.966276646,-2.30116,-0.150522,0.13058,92.125,-13.875,-12.125,0.0,0.0,0.0,0.0,0.0,0.0,2,0,41.41612036158011,-91.97929251281435,10997.374257236668,99.99399154071006,-0.0055155829070136,0.0036665397946021,,10022.661867135384,12264.339701119052,150,1,2025-09-12,2025-09-26 14:30:00.686,AH,C,1819635660,AMBUSH51,1,1,48,2,1,1,225,2,1,0,0,9,1,225,2,1,-155075.8852530615,-4790305.557178838,4198751.054292292,2.5983,2.61888,-0.521072,-84.6127,52.1642,59.0484,-0.169024,-7.32425,6.84314,0.0396884,0.0101356,0.0203909,4,0,41.41076156209873,-91.85418063071153,9954.105509264897,-49.93305967047019,1.3154189066063553,10.307930299211808,187.986,10022.661867135384,12264.339701119052,150,False,5.638646102040326,False,148.23056345774114,173.07825245908808,False,38.43766017854739,False,False
1,1970-07-23 10:27:54.016515927,2025-09-12,2025-09-26 14:30:01.651,AH,C,3434718424,JASSM,3,128,76,2,2,1,225,9,2,0,1,26,0,0,0,0,-165433.57653983062,-4789814.879854049,4199395.114714146,-2.30116,-0.150522,0.13058,92.125,-13.875,-12.125,0.0,0.0,0.0,0.0,0.0,0.0,2,0,41.41596613553054,-91.978130592215,10997.37633733104,99.99476017666338,-0.0046306854111613,0.0036658790126325,,10022.661867135384,12264.339701119052,150,1,2025-09-12,2025-09-26 14:30:01.752,AH,C,1820908192,AMBUSH51,1,1,48,2,1,1,225,2,1,0,0,9,1,225,2,1,-155165.83972040634,-4790248.60029541,4198814.783277023,2.66628,2.59817,-0.528579,-83.2411,53.6526,60.1511,-0.352842,-7.04476,6.85092,0.0319756,-0.00128061,0.0227315,4,0,41.41151325898598,-91.85527747293855,9959.496755194785,-48.87733620909252,0.9646608686754272,13.629422812203176,188.231,10022.661867135384,12264.339701119052,150,False,5.5343032282185485,False,147.12222838270114,172.5884081077477,False,40.057529508732564,False,False
1,1970-07-23 10:27:54.027277198,2025-09-12,2025-09-26 14:30:02.727,AH,C,3436090428,JASSM,3,128,76,2,2,1,225,9,2,0,1,26,0,0,0,0,-165327.6202410025,-4789830.963838424,4199381.036589146,-2.30116,-0.150522,0.13058,92.125,-13.875,-12.125,0.0,0.0,0.0,0.0,0.0,0.0,2,0,41.41579719772043,-91.97685801892008,10997.375611085794,99.99560200909872,-0.003661510258491,0.0036651452899681,,10022.661867135384,12264.339701119052,150,1,2025-09-12,2025-09-26 14:30:02.920,AH,C,1822300024,AMBUSH51,1,1,48,2,1,1,225,2,1,0,0,9,1,225,2,1,-155261.3187923457,-4790184.919462062,4198885.623018937,2.68865,2.57602,-0.545632,-81.2648,55.1629,61.8033,-0.108386,-7.23323,6.76435,-0.0342476,-0.00425794,0.0223862,4,0,41.4123518805436,-91.8564429547307,9964.232162454158,-47.41404196064102,0.9992038086415224,14.286397574067916,188.341,10022.661867135384,12264.339701119052,150,False,5.422104855203782,False,145.65136393595643,172.01834310632398,False,42.110447554141764,False,False
1,1970-07-23 10:27:54.038315900,2025-09-12,2025-09-26 14:30:03.831,AH,C,3437343134,JASSM,3,128,76,2,2,1,225,9,2,0,1,26,0,0,0,0,-165230.87683279935,-4789845.647432174,4199368.183073521,-2.30116,-0.150522,0.13058,92.125,-13.875,-12.125,0.0,0.0,0.0,0.0,0.0,0.0,2,0,41.41564295147724,-91.97569610229712,10997.37666396922,99.99637063748506,-0.0027766079063666,0.0036644897284782,,10022.661867135384,12264.339701119052,150,1,2025-09-12,2025-09-26 14:30:03.719,AH,C,1823254424,AMBUSH51,1,1,48,2,1,1,225,2,1,0,0,9,1,225,2,1,-155325.8040463788,-4790140.401103056,4198935.190239868,2.67593,2.55451,-0.5572,-80.0186,56.1107,62.8418,-0.0906495,-7.32431,6.84372,-0.0301613,-0.00482594,0.0278623,4,0,41.412938876268576,-91.8572307065266,9967.463591738377,-46.18414979014206,0.8346887242096898,12.931914534361464,188.976,10022.661867135384,12264.339701119052,150,False,5.332917306893958,False,144.7283085972063,171.58425223036681,False,43.474762065095916,False,False
1,1970-07-23 10:27:54.048334173,2025-09-12,2025-09-26 14:30:04.833,AH,C,3438596022,JASSM,3,128,76,2,2,1,225,9,2,0,1,26,0,0,0,0,-165134.11926444,-4789860.332979049,4199355.323698521,-2.30116,-0.150522,0.130676,92.125,-13.875,-12.125,0.0,0.0,0.0,0.0,0.0,0.0,2,0,41.41548864523672,-91.97453402118674,10997.373603126149,100.00123117151516,-0.0055565684781375,0.0036635427692336,,10022.661867135384,12264.339701119052,150,1,2025-09-12,2025-09-26 14:30:04.819,AH,C,1824566722,AMBUSH51,1,1,48,2,1,1,225,2,1,0,0,9,1,225,2,1,-155412.16998877615,-4790078.051087056,4199004.517031944,2.60913,2.53771,-0.565552,-78.5005,57.4202,64.0485,-0.0632681,-7.18911,6.8382,-0.0699069,0.00628444,0.0158843,4,0,41.41376110662392,-91.85828683142104,9971.476890863438,-45.25124004829877,0.6889589040843572,8.60451644902231,188.976,10022.661867135384,12264.339701119052,150,True,5.231678046067396,False,143.5905353136136,170.98666229261596,False,45.22366691948609,False,False
1,1970-07-23 10:27:54.063824118,2025-09-12,2025-09-26 14:30:06.382,AH,C,3439908176,JASSM,3,128,76,2,2,1,225,9,2,0,1,26,0,0,0,0,-165032.78479178375,-4789875.711885299,4199341.856901646,-2.30116,-0.150522,0.130676,92.125,-13.875,-12.125,0.0,0.0,0.0,0.0,0.0,0.0,2,0,41.41532704089588,-91.9733169768169,10997.374415775395,100.00203626292463,-0.0046296701705538,0.0036629090270425,,10022.661867135384,12264.339701119052,150,1,2025-09-12,2025-09-26 14:30:06.586,AH,C,1826674352,AMBUSH51,1,1,48,2,1,1,225,2,1,0,0,9,1,225,2,1,-155549.7584530973,-4789975.605538689,4199118.824380665,2.43476,2.52778,-0.575698,-77.6358,58.0877,64.8382,-0.16169,-7.39106,6.93765,-0.0832831,0.0099983,-0.000184133,4,0,41.41511559151373,-91.85997059381218,9978.609094889563,-44.51452067425333,0.8418441509822244,-1.6836809516038111,189.795,10022.661867135384,12264.339701119052,150,True,5.100155095243196,False,142.9344791057712,170.0112882713588,False,46.868143183984664,False,False
1,1970-07-23 10:27:54.070980790,2025-09-12,2025-09-26 14:30:07.098,AH,C,3441161030,JASSM,3,128,76,2,2,1,225,9,2,0,1,26,0,0,0,0,-164936.02990897125,-4789890.393525924,4199328.999479771,-2.30116,-0.150522,0.130676,92.125,-13.875,-12.125,0.0,0.0,0.0,0.0,0.0,0.0,2,0,41.41517274648982,-91.9721549406617,10997.37645713188,100.00280496323846,-0.0037446648944469,0.0036623220742194,,10022.661867135384,12264.339701119052,150,1,2025-09-12,2025-09-26 14:30:07.019,AH,C,1827191318,AMBUSH51,1,1,48,2,1,1,225,2,1,0,0,9,1,225,2,1,-155582.917596435,-4789950.930393878,4199146.567518649,2.37997,2.53066,-0.573023,-77.8107,57.8546,64.9624,0.0685092,-7.20413,6.74534,-0.14748,-0.0046907,-0.00145746,4,0,41.41544325028956,-91.86037638917928,9980.78960727432,-44.718815071575534,0.8098121238693158,-4.735968439636076,189.758,10022.661867135384,12264.339701119052,150,True,5.029631226964332,False,143.01390654418145,169.68662859880837,False,47.10875246155347,False,False
1,1970-07-23 10:27:54.084185771,2025-09-12,2025-09-26 14:30:08.418,AH,C,3442473226,JASSM,3,128,76,2,2,1,225,9,2,0,1,26,0,0,0,0,-164834.69201834625,-4789905.770479049,4199315.528776646,-2.30116,-0.150522,0.130676,92.125,-13.875,-12.125,0.0,0.0,0.0,0.0,0.0,0.0,2,0,41.4150111029327,-91.97093786805344,10997.37442559584,100.00361006827588,-0.0028177345310926,0.0036616796215291,,10022.661867135384,12264.339701119052,150,1,2025-09-12,2025-09-26 14:30:08.386,AH,C,1828821750,AMBUSH51,1,1,48,2,1,1,225,2,1,0,0,9,1,225,2,1,-155690.32220201584,-4789871.874810805,4199235.091556334,2.27532,2.54709,-0.558834,-79.0868,57.5792,63.7889,0.0065617,-7.03647,6.58423,0.0104519,0.00293676,-0.0269489,4,0,41.41649034935028,-91.86169047654498,9987.094160845603,-45.849410086400695,0.6825343228097954,-10.242165968697837,190.027,10022.661867135384,12264.339701119052,150,False,4.916525987234998,False,143.83716093778622,168.84902208237415,False,47.1456679493818,False,False
1,1970-07-23 10:27:54.092274712,2025-09-12,2025-09-26 14:30:09.227,AH,C,3443785578,JASSM,3,128,76,2,2,1,225,9,2,0,1,26,0,0,0,0,-164733.34216483062,-4789921.147432174,4199302.058073521,-2.30116,-0.150426,0.130676,92.125,-13.875,-12.125,0.0,0.0,0.0,0.0,0.0,0.0,2,0,41.414849448944906,-91.96972065855223,10997.376869480464,100.00078153755727,-0.0059476345154177,0.0029455212544809,,10022.661867135384,12264.339701119052,150,1,2025-09-12,2025-09-26 14:30:09.220,AH,C,1829815916,AMBUSH51,1,1,48,2,1,1,225,2,1,0,0,9,1,225,2,1,-155756.65262277014,-4789824.172738842,4199288.064271367,2.28558,2.56059,-0.542966,-80.0467,57.0853,63.2479,-0.0440577,-6.90451,6.40609,0.0399318,0.00330294,-0.0198229,4,0,41.41711887857023,-91.86250160952991,9990.065800781504,-46.93698789015776,0.4025177302609471,-9.25978787918163,190.223,10022.661867135384,12264.339701119052,150,True,4.826390161141995,False,144.425921829593,168.27247949048788,False,47.13678494278507,False,False
1,1970-07-23 10:27:54.103313577,2025-09-12,2025-09-26 14:30:10.331,AH,C,3445097930,JASSM,3,128,76,2,2,1,225,9,2,0,1,26,0,0,0,0,-164631.992311315,-4789936.523408736,4199288.583464146,-2.30116,-0.150426,0.130676,92.125,-13.875,-12.125,0.0,0.0,0.0,0.0,0.0,0.0,2,0,41.41468776152298,-91.96850345548856,10997.37392266941,100.0015867237714,-0.0050205957360681,0.0029448206489267,,10022.661867135384,12264.339701119052,150,1,2025-09-12,2025-09-26 14:30:10.319,AH,C,1831128214,AMBUSH51,1,1,48,2,1,1,225,2,1,0,0,9,1,225,2,1,-155844.46454303936,-4789762.013454099,4199356.641994637,2.49474,2.58093,-0.538102,-80.6862,56.8301,62.8347,-0.29171,-7.31235,6.89231,0.211496,-8.84253e-05,-0.0055167,4,0,41.41793458794447,-91.86357507098708,9993.079864341182,-47.88170267139375,0.8338374913010544,3.3138194494677617,190.382,10022.661867135384,12264.339701119052,150,True,4.725426416365972,False,144.81575034632,167.53383828419524,False,47.492364663191054,False,False
1,1970-07-23 10:27:54.114313350,2025-09-12,2025-09-26 14:30:11.431,AH,C,3446410280,JASSM,3,128,76,2,2,1,225,9,2,0,1,26,0,0,0,0,-164530.64245779935,-4789951.898408736,4199275.108854771,-2.30116,-0.150426,0.130676,92.125,-13.875,-12.125,0.0,0.0,0.0,0.0,0.0,0.0,2,0,41.414526067029904,-91.96728625886269,10997.374062875018,100.00239190313908,-0.0040935582357111,0.0029441256635654,,10022.661867135384,12264.339701119052,150,1,2025-09-12,2025-09-26 14:30:11.453,AH,C,1832480280,AMBUSH51,1,1,48,2,1,1,225,2,1,0,0,9,1,225,2,1,-155936.11194206067,-4789696.836121194,4199428.493222617,2.64937,2.56375,-0.551129,-79.8273,57.4209,63.8756,-0.256395,-7.486,6.93744,0.135785,-0.0110282,0.0355022,4,0,41.41878959547702,-91.8646955656672,9996.09305298927,-46.757642410999445,0.8631678132360583,11.679699288260778,190.223,10022.661867135384,12264.339701119052,150,False,4.62331525878361,False,144.11350454073502,166.73226003498252,False,48.99459217332113,False,False
1,1970-07-23 10:27:54.124454700,2025-09-12,2025-09-26 14:30:12.445,AH,C,3447662980,JASSM,3,128,76,2,2,1,225,9,2,0,1,26,0,0,0,0,-164433.89904959625,-4789966.573213424,4199262.247526646,-2.30116,-0.150426,0.130676,92.125,-13.875,-12.125,0.0,0.0,0.0,0.0,0.0,0.0,2,0,41.41437172366047,-91.96612439115916,10997.377745100932,100.00316047983742,-0.003208658277303,0.002943475907685,,10022.661867135384,12264.339701119052,150,1,2025-09-12,2025-09-26 14:30:12.519,AH,C,1833752812,AMBUSH51,1,1,48,2,1,1,225,2,1,0,0,9,1,225,2,1,-156019.60470684557,-4789635.139362928,4199496.948385376,2.76126,2.53815,-0.563185,-77.9388,58.8606,65.4025,-0.264793,-7.19136,6.77307,0.0162671,-0.00546884,0.022097,4,0,41.41960254141088,-91.86571728849204,9999.64959315318,-45.35840266113139,0.6053704486953072,17.333188567286903,190.699,10022.661867135384,12264.339701119052,150,False,4.528877164618328,False,142.7448961534899,165.937575909113,False,51.16438875229943,False,False
1,1970-07-23 10:27:54.134507121,2025-09-12,2025-09-26 14:30:13.450,AH,C,3448918388,JASSM,3,128,76,2,2,1,225,9,2,0,1,26,0,0,0,0,-164336.94665701812,-4789981.278291549,4199249.354948521,-2.30116,-0.150426,0.130676,92.125,-13.875,-12.125,0.0,0.0,0.0,0.0,0.0,0.0,2,0,41.414217020195714,-91.96496001970212,10997.37541890884,100.00393071040698,-0.0023218445833745,0.002942809944254,,10022.661867135384,12264.339701119052,150,1,2025-09-12,2025-09-26 14:30:13.519,AH,C,1834945810,AMBUSH51,1,1,48,2,1,1,225,2,1,0,0,9,1,225,2,1,-156096.63887874736,-4789575.668666772,4199563.167977396,2.74423,2.50901,-0.573569,-76.6486,57.9046,68.3651,-0.220484,-7.13022,6.68242,-0.0511962,0.00264132,0.0373248,4,0,41.42038839655464,-91.86666098987332,10003.31781212471,-43.88885552027454,0.1914981808838201,15.468736168274743,190.773,10022.661867135384,12264.339701119052,150,False,4.4386154787263346,False,141.7040178709964,165.13289984590844,False,52.939127112256784,False,False
1,1970-07-23 10:27:54.147776634,2025-09-12,2025-09-26 14:30:14.777,AH,C,3450228028,JASSM,3,128,76,2,2,1,225,9,2,0,1,26,0,0,0,0,-164235.80603201812,-4789996.617158736,4199235.905729771,-2.30116,-0.150426,0.130772,92.125,-13.875,-12.125,0.0,0.0,0.0,0.0,0.0,0.0,2,0,41.41405563185539,-91.96374535521456,10997.375430397598,100.00882605259036,-0.0050616691547264,0.0029418950058197,,10022.661867135384,12264.339701119052,150,1,2025-09-12,2025-09-26 14:30:14.668,AH,C,1836297876,AMBUSH51,1,1,48,2,1,1,225,2,1,0,0,9,1,225,2,1,-156181.59242729263,-4789506.085827919,4199638.963687246,2.6542,2.47967,-0.603328,-74.0347,61.4205,68.0573,-0.104279,-7.66342,7.00481,-0.0890463,0.00220023,0.00626155,4,0,41.421297508208646,-91.86770329106756,10003.549194239167,-41.73970637874113,0.6836406587635078,9.393620025701976,191.433,10022.661867135384,12264.339701119052,150,True,4.3433869176661934,False,140.13875657066598,164.18365010181972,False,55.53653330187494,False,False
1,1970-07-23 10:27:54.156275367,2025-09-12,2025-09-26 14:30:15.627,AH,C,3451480728,JASSM,3,128,76,2,2,1,225,9,2,0,1,26,0,0,0,0,-164139.062623815,-4790011.289033736,4199223.040495396,-2.30116,-0.150426,0.130772,92.125,-13.875,-12.125,0.0,0.0,0.0,0.0,0.0,0.0,2,0,41.41390124378471,-91.96258350547868,10997.37867131776,100.00959461025522,-0.0041767684145586,0.0029412993554655,,10022.661867135384,12264.339701119052,150,1,2025-09-12,2025-09-26 14:30:15.786,AH,C,1837649942,AMBUSH51,1,1,48,2,1,1,225,2,1,0,0,9,1,225,2,1,-156264.0946172611,-4789436.42607596,4199716.580404128,2.5696,2.47921,-0.607453,-72.9025,61.7078,69.4996,-0.162746,-7.43742,6.91372,-0.0555488,0.00139712,0.00926177,4,0,41.4222198328865,-91.86871635700888,10007.356659472956,-41.579787261611415,0.8596111184292718,4.533217769807793,191.75,10022.661867135384,12264.339701119052,150,True,4.253131183126745,False,139.31267400366394,163.19380740256886,False,57.33828654147702,False,False
1,1970-07-23 10:27:54.167300104,2025-09-12,2025-09-26 14:30:16.730,AH,C,3452793080,JASSM,3,128,76,2,2,1,225,9,2,0,1,26,0,0,0,0,-164037.71252615875,-4790026.657197799,4199209.560026646,-2.30116,-0.150426,0.130772,92.125,-13.875,-12.125,0.0,0.0,0.0,0.0,0.0,0.0,2,0,41.4137394878194,-91.9613663381042,10997.375958312072,100.01039975772748,-0.003249730859163,0.0029406715079974,,10022.661867135384,12264.339701119052,150,1,2025-09-12,2025-09-26 14:30:16.719,AH,C,1838763406,AMBUSH51,1,1,48,2,1,1,225,2,1,0,0,9,1,225,2,1,-156331.87100960538,-4789378.85652956,4199781.334230367,2.5379,2.47209,-0.615815,-72.4464,61.8395,69.9158,-0.120633,-7.42847,6.93204,-0.0225672,0.00132222,0.0133647,4,0,41.42298625524915,-91.86954875614074,10011.798001393874,-41.02453182674364,1.040335729408092,2.4918420904001937,192.129,10022.661867135384,12264.339701119052,150,True,4.168614191263268,False,139.01621780239924,162.29153569974412,False,58.5356899139723,False,False
1,1970-07-23 10:27:54.184211247,2025-09-12,2025-09-26 14:30:18.421,AH,C,3454105638,JASSM,3,128,76,2,2,1,225,9,2,0,1,26,0,0,0,0,-163936.34631522125,-4790042.027314986,4199196.077604771,-2.30116,-0.15033,0.130772,92.125,-13.875,-12.125,0.0,0.0,0.0,0.0,0.0,0.0,2,0,41.41357769745292,-91.96014898345784,10997.3779416595,100.00757139963548,-0.0063794768798768,0.0022240159444699,,10022.661867135384,12264.339701119052,150,1,2025-09-12,2025-09-26 14:30:18.519,AH,C,1840910804,AMBUSH51,1,1,48,2,1,1,225,2,1,0,0,9,1,225,2,1,-156461.76459085182,-4789267.75292629,4199907.988263482,2.50916,2.46569,-0.612829,-72.1471,59.5915,72.5998,-0.0746649,-6.97524,6.46487,0.00396457,-0.00370034,0.00318019,4,0,41.42447690780538,-91.87114440552888,10023.972671957305,-40.88911065621212,0.7253593515769905,0.6362192871290917,192.166,10022.661867135384,12264.339701119052,150,True,4.05800144767874,False,138.65571331888984,160.68074172014985,False,60.4095942050641,False,False
1,1970-07-23 10:27:54.191796005,2025-09-12,2025-09-26 14:30:19.179,AH,C,3455417782,JASSM,3,128,76,2,2,1,225,9,2,0,1,26,0,0,0,0,-163835.01208670562,-4790057.390596236,4199182.597136021,-2.30116,-0.15033,0.130772,92.125,-13.875,-12.125,0.0,0.0,0.0,0.0,0.0,0.0,2,0,41.41341594154561,-91.95893201975434,10997.37553390335,100.00837640725722,-0.0054525852997964,0.0022233296632028,,10022.661867135384,12264.339701119052,150,1,2025-09-12,2025-09-26 14:30:18.953,AH,C,1841427770,AMBUSH51,1,1,48,2,1,1,225,2,1,0,0,9,1,225,2,1,-156492.8472034484,-4789240.367134439,4199938.044753969,2.52781,2.46768,-0.617559,-71.9571,62.2371,70.4579,-0.0639419,-7.40436,6.92332,0.0822969,0.00211284,0.012289,4,0,41.42483667154583,-91.87152655585524,10024.379021799174,-40.80107786722208,0.9984013098437852,1.7715868301875244,192.288,10022.661867135384,12264.339701119052,150,True,3.992264438246515,False,138.62962797708744,160.07319483293833,False,61.14700556563099,False,False
1,1970-07-23 10:27:54.205815096,2025-09-12,2025-09-26 14:30:20.581,AH,C,3456670508,JASSM,3,128,76,2,2,1,225,9,2,0,1,26,0,0,0,0,-163738.26648123687,-4790072.057588424,4199169.727995396,-2.30116,-0.15033,0.130772,92.125,-13.875,-12.125,0.0,0.0,0.0,0.0,0.0,0.0,2,0,41.41326150798775,-91.957770168562,10997.378823082405,100.00914495616544,-0.0045676671326864,0.002222683954536,,10022.661867135384,12264.339701119052,150,1,2025-09-12,2025-09-26 14:30:20.685,AH,C,1843495636,AMBUSH51,1,1,48,2,1,1,225,2,1,0,0,9,1,225,2,1,-156616.23730068386,-4789132.025762417,4200060.916999543,2.65999,2.44888,-0.620956,-70.6921,62.9342,71.5025,-0.189726,-6.83766,6.37962,0.0369982,-0.00781783,0.0161506,4,0,41.42628660112566,-91.8730434914136,10034.641645045382,-39.98184702312592,0.6329385600049167,8.73107833851784,192.288,10022.661867135384,12264.339701119052,150,True,3.8917614520023602,False,137.77653580693269,158.38565437058827,False,63.68994239674624,False,False
1,1970-07-23 10:27:54.210494678,2025-09-12,2025-09-26 14:30:21.049,AH,C,3457982832,JASSM,3,128,76,2,2,1,225,9,2,0,1,26,0,0,0,0,-163636.91833670562,-4790087.420869674,4199156.243620396,-2.30116,-0.15033,0.130772,92.125,-13.875,-12.125,0.0,0.0,0.0,0.0,0.0,0.0,2,0,41.413099703376254,-91.95655305040238,10997.377493704938,100.00995006089892,-0.0036406486209617,0.0022219960730034,,10022.661867135384,12264.339701119052,150,1,2025-09-12,2025-09-26 14:30:21.053,AH,C,1843933068,AMBUSH51,1,1,48,2,1,1,225,2,1,0,0,9,1,225,2,1,-156642.5364492477,-4789108.348913618,4200087.560881895,2.67993,2.44144,-0.621112,-70.2643,63.5054,71.5485,-0.31296,-6.58448,6.18915,0.0305587,-0.00881652,0.0128258,4,0,41.42660218738927,-91.87336704566223,10036.381034024973,-39.69729241927777,0.4360029978720499,9.628726813570422,192.435,10022.661867135384,12264.339701119052,150,True,3.8298383573952157,False,137.499349603364,157.7597846378344,False,64.60375698208092,False,False
1,1970-07-23 10:27:54.222338578,2025-09-12,2025-09-26 14:30:22.233,AH,C,3459354834,JASSM,3,128,76,2,2,1,225,9,2,0,1,26,0,0,0,0,-163530.96081717435,-4790103.481416549,4199142.145964146,-2.30116,-0.15033,0.130772,92.125,-13.875,-12.125,0.0,0.0,0.0,0.0,0.0,0.0,2,0,41.41293053471678,-91.95528058402871,10997.378359758572,100.01079177484654,-0.0026714706710381,0.002221285338146,,10022.661867135384,12264.339701119052,150,1,2025-09-12,2025-09-26 14:30:22.119,AH,C,1845205600,AMBUSH51,1,1,48,2,1,1,225,2,1,0,0,9,1,225,2,1,-156716.0431966342,-4789040.151697338,4200163.371876058,2.71887,2.42025,-0.624814,-68.8805,65.0397,71.8783,-0.200562,-6.77055,6.23982,-0.0108784,0.00532944,0.0172908,4,0,41.42750532168092,-91.8742721937788,10039.192382200225,-38.7733730200728,0.0334005176259569,11.154644890457606,192.594,10022.661867135384,12264.339701119052,150,False,3.748620012827129,False,136.61596445781242,156.48886440653968,False,66.78393629312404,False,False
1,1970-07-23 10:27:54.232474422,2025-09-12,2025-09-26 14:30:23.247,AH,C,3460607534,JASSM,3,128,76,2,2,1,225,9,2,0,1,26,0,0,0,0,-163434.21765311187,-4790118.143525924,4199129.272917271,-2.30116,-0.15033,0.130772,92.125,-13.875,-12.125,0.0,0.0,0.0,0.0,0.0,0.0,2,0,41.41277606646535,-91.95411878129612,10997.377086214634,100.0115602842861,-0.0017865758238279,0.0022206375826237,,10022.661867135384,12264.339701119052,150,1,2025-09-12,2025-09-26 14:30:23.318,AH,C,1846637198,AMBUSH51,1,1,48,2,1,1,225,2,1,0,0,9,1,225,2,1,-156797.30256653143,-4788961.780458585,4200249.408124801,2.70139,2.40017,-0.643703,-67.1807,66.0497,72.6613,-0.186401,-7.30387,6.8383,-0.0253926,-0.00441606,0.0255507,4,0,41.42853648844798,-91.87527400175226,10039.819891387657,-37.39390341291576,0.3887239066180128,9.476482593012564,193.095,10022.661867135384,12264.339701119052,150,True,3.6717020555201314,False,135.60163706412362,155.06250613150283,False,69.23268500660703,False,False
1,1970-07-23 10:27:54.243781065,2025-09-12,2025-09-26 14:30:24.378,AH,C,3461919884,JASSM,3,128,76,2,2,1,225,9,2,0,1,26,0,0,0,0,-163332.86706717435,-4790133.503877486,4199115.784636021,-2.30116,-0.15033,0.130868,92.125,-13.875,-12.125,0.0,0.0,0.0,0.0,0.0,0.0,2,0,41.412614214777086,-91.95290165328652,10997.37633507301,100.01645727930668,-0.0045244288618944,0.0022197526371,,10022.661867135384,12264.339701119052,150,1,2025-09-12,2025-09-26 14:30:24.586,AH,C,1848148330,AMBUSH51,1,1,48,2,1,1,225,2,1,0,0,9,1,225,2,1,-156881.15187337712,-4788877.758181926,4200341.787488485,2.63946,2.38534,-0.655606,-65.7526,66.549,73.6847,-0.012596,-7.28591,6.71339,-0.0675767,0.00698768,0.013579,4,0,41.42964357655544,-91.8763090075322,10040.543438186223,-36.45082472884632,0.5697936083782688,5.422134631196129,193.473,10022.661867135384,12264.339701119052,150,True,3.594778205043205,False,134.73292954458256,153.48198983816042,False,71.67723424084583,False,False
1,1970-07-23 10:27:54.254514223,2025-09-12,2025-09-26 14:30:25.451,AH,C,3463172582,JASSM,3,128,76,2,2,1,225,9,2,0,1,26,0,0,0,0,-163236.12341483062,-4790148.164033736,4199102.909636021,-2.30107,-0.15033,0.130868,92.125,-13.875,-12.125,0.0,0.0,0.0,0.0,0.0,0.0,2,0,41.41245972103331,-91.95173985678814,10997.376218636296,100.01722577982842,-0.0036395299467681,0.0077106392951283,,10022.661867135384,12264.339701119052,150,1,2025-09-12,2025-09-26 14:30:25.418,AH,C,1849142496,AMBUSH51,1,1,48,2,1,1,225,2,1,0,0,9,1,225,2,1,-156935.4921266665,-4788821.913689943,4200403.382719081,2.60471,2.37946,-0.659991,-65.1508,66.9637,74.1397,-0.13441,-7.28333,6.94487,-0.0675122,-0.00404988,-0.00165511,4,0,41.43038098078278,-91.87698032813702,10041.344986436765,-36.08970663941664,0.6293454367618272,3.228695657181181,193.828,10022.661867135384,12264.339701119052,150,True,3.531703249918302,False,134.32885963041687,152.27466134146732,False,73.29008977202525,False,False
1,1970-07-23 10:27:54.264533614,2025-09-12,2025-09-26 14:30:26.453,AH,C,3464425282,JASSM,3,128,76,2,2,1,225,9,2,0,1,26,0,0,0,0,-163139.37976248687,-4790162.823213424,4199090.032682896,-2.30107,-0.150234,0.130868,92.125,-13.875,-12.125,0.0,0.0,0.0,0.0,0.0,0.0,2,0,41.41230520818237,-91.9505780661928,10997.374462848744,100.0143607441675,-0.0068115547244033,0.0069935200683797,,10022.661867135384,12264.339701119052,150,1,2025-09-12,2025-09-26 14:30:26.518,AH,C,1850454794,AMBUSH51,1,1,48,2,1,1,225,2,1,0,0,9,1,225,2,1,-157007.4997606854,-4788747.730591462,4200485.689578357,2.55288,2.37966,-0.663333,-64.848,66.9662,74.4548,-0.0200923,-7.17085,6.55442,0.0180856,-0.000845762,0.0097299,4,0,41.43136383679969,-91.87787000663413,10043.45528771508,-35.99072537702729,0.7943268645949569,0.2673387358830576,194.011,10022.661867135384,12264.339701119052,150,True,3.4658092761111314,False,134.14204127600914,150.74288043650608,False,75.00573010352299,False,False
1,1970-07-23 10:27:54.275292055,2025-09-12,2025-09-26 14:30:27.529,AH,C,3465677980,JASSM,3,128,76,2,2,1,225,9,2,0,1,26,0,0,0,0,-163042.63562186187,-4790177.481416549,4199077.155729771,-2.30107,-0.150234,0.130868,92.125,-13.875,-12.125,0.0,0.0,0.0,0.0,0.0,0.0,2,0,41.41215068950519,-91.94941627566716,10997.375265485052,100.01512923606884,-0.0059266518247818,0.0069928776422529,,10022.661867135384,12264.339701119052,150,1,2025-09-12,2025-09-26 14:30:27.718,AH,C,1851886394,AMBUSH51,1,1,48,2,1,1,225,2,1,0,0,9,1,225,2,1,-157085.02037200338,-4788667.00732828,4200575.074317585,2.60777,2.37895,-0.659038,-64.5371,67.4173,74.5685,-0.141894,-7.03835,6.6535,0.115,-0.00519212,-0.00918895,4,0,41.43243229433124,-91.87882816704112,10045.30695619009,-36.10244443636408,0.5737505798182768,3.386464978189569,194.317,10022.661867135384,12264.339701119052,150,True,3.401467381078141,False,133.92024241785865,149.05381948240674,False,76.92518268675059,False,False
1,1970-07-23 10:27:54.287794598,2025-09-12,2025-09-26 14:30:28.779,AH,C,3466930680,JASSM,3,128,76,2,2,1,225,9,2,0,1,26,0,0,0,0,-162945.89196951812,-4790192.138643111,4199064.276823521,-2.30107,-0.150234,0.130868,92.125,-13.875,-12.125,0.0,0.0,0.0,0.0,0.0,0.0,2,0,41.4119961516221,-91.94825449687856,10997.37446967172,100.01589771784738,-0.0050417522037165,0.0069922270013516,,10022.661867135384,12264.339701119052,150,1,2025-09-12,2025-09-26 14:30:28.852,AH,C,1853238458,AMBUSH51,1,1,48,2,1,1,225,2,1,0,0,9,1,225,2,1,-157157.00106822583,-4788590.13965092,4200659.76736937,2.80269,2.3654,-0.663104,-63.2566,68.2272,75.5784,-0.365438,-7.07635,6.58199,0.124098,-0.00114329,0.0169163,4,0,41.43344722019574,-91.87971863214804,10046.014681907584,-35.46382043461136,0.4282070279697397,14.082971293825157,194.243,10022.661867135384,12264.339701119052,150,False,3.341795550172945,False,133.07071268969852,147.37117800152836,False,79.45744383289427,False,False
1,1970-07-23 10:27:54.297331945,2025-09-12,2025-09-26 14:30:29.733,AH,C,3468243030,JASSM,3,128,76,2,2,1,225,9,2,0,1,26,0,0,0,0,-162844.54138358062,-4790207.492158736,4199050.784636021,-2.30107,-0.150234,0.130868,92.125,-13.875,-12.125,0.0,0.0,0.0,0.0,0.0,0.0,2,0,41.4118342521845,-91.94703740076598,10997.374874980384,100.01670278784232,-0.0041147158972074,0.0069915552119695,,10022.661867135384,12264.339701119052,150,1,2025-09-12,2025-09-26 14:30:29.585,AH,C,1854113324,AMBUSH51,1,1,48,2,1,1,225,2,1,0,0,9,1,225,2,1,-157202.72847541267,-4788539.445929441,4200715.298541222,2.86823,2.33708,-0.667608,-61.7194,69.4487,76.0586,-0.207834,-6.99714,6.11571,0.0528377,-0.00443895,0.0311912,4,0,41.4341147122388,-91.88028506565789,10045.64387066714,-34.25331705298156,-0.0497246392787477,16.840544664069856,194.317,10022.661867135384,12264.339701119052,150,False,3.287801530016438,False,132.1602795808814,146.03683670459154,False,81.71677913843058,False,False
1,1970-07-23 10:27:54.307471142,2025-09-12,2025-09-26 14:30:30.747,AH,C,3469555382,JASSM,3,128,76,2,2,1,225,9,2,0,1,26,0,0,0,0,-162743.19079764312,-4790222.844697799,4199037.290495396,-2.30107,-0.150234,0.130868,92.125,-13.875,-12.125,0.0,0.0,0.0,0.0,0.0,0.0,2,0,41.41167233249588,-91.94582031109395,10997.374128556485,100.0175078509872,-0.0031876785751549,0.0069908760616514,,10022.661867135384,12264.339701119052,150,1,2025-09-12,2025-09-26 14:30:30.685,AH,C,1855425622,AMBUSH51,1,1,48,2,1,1,225,2,1,0,0,9,1,225,2,1,-157269.41946529062,-4788461.568134384,4200799.766833362,2.92596,2.30138,-0.678434,-58.8397,70.8643,76.977,-0.194784,-7.50794,6.19526,-0.00261635,-0.00259762,0.0185308,4,0,41.43513515685267,-91.88111274776948,10042.968817527868,-32.5677959254894,-0.3662921254799818,18.866867728334547,194.585,10022.661867135384,12264.339701119052,150,False,3.2342068472374086,False,130.58673189573892,144.2322997219231,False,85.1057650749228,False,False
1,1970-07-23 10:27:54.323090889,2025-09-12,2025-09-26 14:30:32.309,AH,C,3470808124,JASSM,3,128,76,2,2,1,225,9,2,0,1,26,0,0,0,0,-162646.44323904935,-4790237.498994674,4199024.409636021,-2.30107,-0.150234,0.130868,92.125,-13.875,-12.125,0.0,0.0,0.0,0.0,0.0,0.0,2,0,41.41151776332792,-91.94465850387267,10997.377042040976,100.01827634426664,-0.0023027461685611,0.0069902361748012,,10022.661867135384,12264.339701119052,150,1,2025-09-12,2025-09-26 14:30:32.285,AH,C,1857334420,AMBUSH51,1,1,48,2,1,1,225,2,1,0,0,9,1,225,2,1,-157359.54405066994,-4788347.473578661,4200922.565311343,2.77339,2.24218,-0.706227,-54.8741,72.1971,77.8277,-0.0226205,-7.7426,6.44473,-0.21708,0.00303039,0.0240548,4,0,41.436625208184175,-91.88223477606412,10036.387867485417,-29.511327436968056,-0.2983269170571191,7.941808535697184,193.901,10022.661867135384,12264.339701119052,150,True,3.1874414152361275,False,128.57559777068454,141.8395413912131,False,89.5202463988734,False,False
1,1970-07-23 10:27:54.329511158,2025-09-12,2025-09-26 14:30:32.951,AH,C,3472120432,JASSM,3,128,76,2,2,1,225,9,2,0,1,26,0,0,0,0,-162545.09607108062,-4790252.848604049,4199010.913542271,-2.30107,-0.150234,0.130868,92.125,-13.875,-12.125,0.0,0.0,0.0,0.0,0.0,0.0,2,0,41.41135582202435,-91.94344146803908,10997.37586517981,100.01908136673586,-0.001375740450524,0.0069895549479254,,10022.661867135384,12264.339701119052,150,1,2025-09-12,2025-09-26 14:30:33.085,AH,C,1858288820,AMBUSH51,1,1,48,2,1,1,225,2,1,0,0,9,1,225,2,1,-157403.06290202335,-4788289.811875857,4200985.046596203,2.63164,2.23692,-0.713407,-54.1055,72.0327,78.159,-0.00541778,-8.01874,6.5493,-0.122215,4.47328e-05,-0.00687324,4,0,41.43738148987676,-91.8827776025504,10033.818656336836,-29.112568725758685,-0.0480426682367596,-0.3776521421582842,193.864,10022.661867135384,12264.339701119052,150,True,3.1448722423001403,False,128.2142745919029,140.27766472431543,False,91.43680074075142,False,False
1,1970-07-23 10:27:54.340293585,2025-09-12,2025-09-26 14:30:34.029,AH,C,3473432784,JASSM,3,128,76,2,2,1,225,9,2,0,1,26,0,0,0,0,-162443.74499686187,-4790268.197236861,4198997.417448521,-2.30107,-0.150234,0.130964,92.125,-13.875,-12.125,0.0,0.0,0.0,0.0,0.0,0.0,2,0,41.41119387444113,-91.94222439197785,10997.377449036288,100.0239783509756,-0.0041135438345275,0.0069887232942692,,10022.661867135384,12264.339701119052,150,1,2025-09-12,2025-09-26 14:30:34.185,AH,C,1859601118,AMBUSH51,1,1,48,2,1,1,225,2,1,0,0,9,1,225,2,1,-157462.90729998413,-4788210.232001256,4201072.076845845,2.58497,2.25458,-0.701904,-54.1242,71.4042,78.4371,-0.0254704,-7.85428,6.53338,0.0464108,-0.0103728,-0.0147878,4,0,41.43843067438226,-91.88352419718464,10031.997461171326,-30.1056666128621,-0.2475475796489394,-2.391458909391425,192.899,10022.661867135384,12264.339701119052,150,True,3.1061015300170065,False,128.26150482392114,138.31101230862677,False,93.34245924988295,False,False
1,1970-07-23 10:27:54.351313010,2025-09-12,2025-09-26 14:30:35.131,AH,C,3474745248,JASSM,3,128,76,2,2,1,225,9,2,0,1,26,0,0,0,0,-162342.38562186187,-4790283.545869674,4198983.917448521,-2.30107,-0.150138,0.130964,92.125,-13.875,-12.125,0.0,0.0,0.0,0.0,0.0,0.0,2,0,41.41103188928879,-91.94100722279212,10997.37535240544,100.02115002358974,-0.0072433467446441,0.0062710881360758,,10022.661867135384,12264.339701119052,150,1,2025-09-12,2025-09-26 14:30:35.285,AH,C,1860913416,AMBUSH51,1,1,48,2,1,1,225,2,1,0,0,9,1,225,2,1,-157521.4944598296,-4788132.135653734,4201157.765674535,2.75286,2.25699,-0.700521,-53.484,71.4617,78.3288,-0.0185126,-7.46346,6.10082,0.193582,-0.00587872,0.00682747,4,0,41.439462218789856,-91.88425520449918,10030.817659749684,-30.23732560573579,-0.2631750501682603,7.317822972205246,192.092,10022.661867135384,12264.339701119052,150,True,3.071097683250398,False,127.99711197480337,136.32029055454606,False,95.6014319926951,False,False
1,1970-07-23 10:27:54.366980382,2025-09-12,2025-09-26 14:30:36.698,AH,C,3476057486,JASSM,3,128,76,2,2,1,225,9,2,0,1,26,0,0,0,0,-162241.04333670562,-4790298.890596236,4198970.419401646,-2.30107,-0.150138,0.130964,92.125,-13.875,-12.125,0.0,0.0,0.0,0.0,0.0,0.0,2,0,41.410869924233936,-91.9397902654082,10997.374800856516,100.02195498648464,-0.0063163880761683,0.0062704209633521,,10022.661867135384,12264.339701119052,150,1,2025-09-12,2025-09-26 14:30:36.785,AH,C,1862702916,AMBUSH51,1,1,48,2,1,1,225,2,1,0,0,9,1,225,2,1,-157599.14733717774,-4788024.174935746,4201275.785545265,3.02988,2.21855,-0.71438,-49.9473,72.6497,79.071,-0.34033,-7.54357,6.27416,0.124169,0.00422673,0.0327621,4,0,41.44088593012303,-91.88522588637996,10027.98259416099,-28.38875589469431,-0.3744692203154092,21.748036931856426,191.042,10022.661867135384,12264.339701119052,150,False,3.0450289494266416,False,126.18062910071853,133.8098406989407,False,99.93906938798825,False,False
1,1970-07-23 10:27:54.373339860,2025-09-12,2025-09-26 14:30:37.333,AH,C,3477369836,JASSM,3,128,76,2,2,1,225,9,2,0,1,26,0,0,0,0,-162139.69226248687,-4790314.235322799,4198956.919401646,-2.30107,-0.150138,0.130964,92.125,-13.875,-12.125,0.0,0.0,0.0,0.0,0.0,0.0,2,0,41.41070793489079,-91.93857320906642,10997.374766643856,100.02276001224423,-0.0053893498460112,0.0062697562087836,,10022.661867135384,12264.339701119052,150,1,2025-09-12,2025-09-26 14:30:37.285,AH,C,1863299414,AMBUSH51,1,1,48,2,1,1,225,2,1,0,0,9,1,225,2,1,-157623.56797358068,-4787987.926921399,4201315.034020079,3.09529,2.19267,-0.722826,-48.1721,73.3038,79.1327,-0.372011,-7.31103,5.84474,0.0895457,-0.00105798,0.0410033,4,0,41.44136172286249,-91.88553206326964,10026.082270426215,-27.1756039657877,-0.4634419807134094,24.510955243143744,190.968,10022.661867135384,12264.339701119052,150,False,3.013241928500816,False,125.30574769851225,132.45478078552742,False,102.17864449608794,False,False
1,1970-07-23 10:27:54.384473143,2025-09-12,2025-09-26 14:30:38.447,AH,C,3478741840,JASSM,3,128,76,2,2,1,225,9,2,0,1,26,0,0,0,0,-162033.73425467435,-4790330.277314986,4198942.804167271,-2.30107,-0.150138,0.130964,92.125,-13.875,-12.125,0.0,0.0,0.0,0.0,0.0,0.0,2,0,41.41053855917474,-91.93730083774167,10997.376579927131,100.02360162350384,-0.004420171320397,0.0062690519699956,,10022.661867135384,12264.339701119052,150,1,2025-09-12,2025-09-26 14:30:38.419,AH,C,1864651480,AMBUSH51,1,1,48,2,1,1,225,2,1,0,0,9,1,225,2,1,-157676.07731145158,-4787903.329566901,4201405.314036602,-3.13372,2.13096,-0.73488,-43.8042,75.1801,79.6823,-0.123399,-7.77763,6.5121,-0.036399,0.0138079,0.0381654,4,0,41.44246412223347,-91.88619304175126,10018.424815976296,-24.502477645995032,-0.9965049514554194,25.22526058898341,190.382,10022.661867135384,12264.339701119052,150,False,2.9930643565149486,False,123.04728709004861,130.28537361761056,False,106.62686636199085,False,False
1,1970-07-23 10:27:54.395508761,2025-09-12,2025-09-26 14:30:39.550,AH,C,3479994724,JASSM,3,128,76,2,2,1,225,9,2,0,1,26,0,0,0,0,-161936.97595389312,-4790344.923799361,4198929.913542271,-2.30107,-0.150138,0.130964,92.125,-13.875,-12.125,0.0,0.0,0.0,0.0,0.0,0.0,2,0,41.41038388668154,-91.93613894574774,10997.37486917184,100.02437015562651,-0.0035351432824008,0.0062684181672571,,10022.661867135384,12264.339701119052,150,1,2025-09-12,2025-09-26 14:30:39.685,AH,C,1866162612,AMBUSH51,1,1,48,2,1,1,225,2,1,0,0,9,1,225,2,1,-157728.25923135923,-4787807.427533445,4201506.830212641,3.07112,2.07042,-0.757442,-39.0309,76.1348,80.9281,-0.155354,-8.2294,6.97478,-0.113554,0.0143925,0.0317634,4,0,41.44370968587019,-91.886854581024,10007.36284214423,-21.65131465057609,-0.8294245316758606,18.33559255111243,190.064,10022.661867135384,12264.339701119052,150,False,2.9860839891004862,False,120.60709576774678,128.0429093694475,False,111.30746115480208,False,False
1,1970-07-23 10:27:54.406510352,2025-09-12,2025-09-26 14:30:40.651,AH,C,3481307066,JASSM,3,128,76,2,2,1,225,9,2,0,1,26,0,0,0,0,-161835.62536795562,-4790360.265596236,4198916.409636021,-2.30107,-0.150138,0.130964,92.125,-13.875,-12.125,0.0,0.0,0.0,0.0,0.0,0.0,2,0,41.4102218496697,-91.93492191456636,10997.375659787733,100.02517515696871,-0.0026081085841333,0.0062677434527168,,10022.661867135384,12264.339701119052,150,1,2025-09-12,2025-09-26 14:30:40.485,AH,C,1867117010,AMBUSH51,1,1,48,2,1,1,225,2,1,0,0,9,1,225,2,1,-157758.60930353438,-4787746.427837757,4201572.019332123,3.0041,2.05094,-0.765805,-36.7334,76.274,81.8178,-0.122348,-8.19823,6.64705,-0.0777633,0.00624282,0.0222031,4,0,41.444506670489616,-91.8872414143325,10001.445664767003,-20.72318819435296,-0.6865259595926585,13.7131582065512,189.868,10022.661867135384,12264.339701119052,150,False,2.9724109977290163,False,119.42675368464705,126.29009974931061,False,114.23080650683214,False,False
1,1970-07-23 10:27:54.417531855,2025-09-12,2025-09-26 14:30:41.753,AH,C,3482619240,JASSM,3,128,76,2,2,1,225,9,2,0,1,26,0,0,0,0,-161734.28796561187,-4790375.603486861,4198902.907682896,-2.30107,-0.150138,0.130964,92.125,-13.875,-12.125,0.0,0.0,0.0,0.0,0.0,0.0,2,0,41.41005983355368,-91.93370504851347,10997.377665513794,100.02598004649494,-0.0016811972267878,0.0062670811751038,,10022.661867135384,12264.339701119052,150,1,2025-09-12,2025-09-26 14:30:41.685,AH,C,1868548608,AMBUSH51,1,1,48,2,1,1,225,2,1,0,0,9,1,225,2,1,-157800.89247271972,-4787655.277569411,4201670.379126386,2.92952,2.03242,-0.771573,-34.2628,76.5101,82.541,-0.112427,-7.93214,6.40699,-0.0634758,8.42641e-05,0.0066319,4,0,41.44570458877589,-91.8877827893576,9994.425437513675,-19.892994857423915,-0.6531808877044197,8.692797662650708,189.245,10022.661867135384,12264.339701119052,150,True,2.973944593222482,False,118.17531774934754,124.10370880965044,False,117.66234529316642,False,False
1,1970-07-23 10:27:54.428418158,2025-09-12,2025-09-26 14:30:42.841,AH,C,3483931590,JASSM,3,128,76,2,2,1,225,9,2,0,1,26,0,0,0,0,-161632.93689139312,-4790390.941377486,4198889.401823521,-2.30107,-0.150138,0.130964,92.125,-13.875,-12.125,0.0,0.0,0.0,0.0,0.0,0.0,2,0,41.40989778094333,-91.93248802517044,10997.375546779313,100.0267850374679,-0.0007541610996657,0.0062664169171019,,10022.661867135384,12264.339701119052,150,1,2025-09-12,2025-09-26 14:30:42.918,AH,C,1870019974,AMBUSH51,1,1,48,2,1,1,225,2,1,0,0,9,1,225,2,1,-157842.35792622084,-4787560.700885623,4201773.158231432,2.95902,2.01215,-0.776984,-32.402,76.4788,83.0064,-0.0686859,-7.72758,6.39336,0.114943,0.00335496,0.0139285,4,0,41.44695287794202,-91.88831575964146,9988.52470694226,-19.006757559575487,-0.6513288687534795,9.560748392031972,188.854,10022.661867135384,12264.339701119052,150,True,2.9823167248723474,False,117.2575064580075,121.88901955194001,False,120.78753411845095,False,False
1,1970-07-23 10:27:54.439312992,2025-09-12,2025-09-26 14:30:43.931,AH,C,3485184290,JASSM,3,128,76,2,2,1,225,9,2,0,1,26,0,0,0,0,-161536.19226248687,-4790405.582002486,4198876.509245396,-2.30107,-0.150043,0.131059,92.125,-13.875,-12.125,0.0,0.0,0.0,0.0,0.0,0.0,2,0,41.40974307876655,-91.93132632171069,10997.37704227625,100.02801208325342,-0.007590963018407,0.0055481370898321,,10022.661867135384,12264.339701119052,150,1,2025-09-12,2025-09-26 14:30:44.052,AH,C,1871372040,AMBUSH51,1,1,48,2,1,1,225,2,1,0,0,9,1,225,2,1,-157877.1132804804,-4787474.562459277,4201866.485364477,-3.13306,1.99495,-0.784164,-29.6755,76.8434,83.2172,-0.368818,-7.53732,6.09144,0.174313,0.0108992,0.0348531,4,0,41.44808848091119,-91.88876520561637,9982.303778022331,-18.209101598864475,-0.4985018195174257,19.80863449830061,188.023,10022.661867135384,12264.339701119052,150,False,2.9935766697028794,False,115.92255900960393,119.86906019594069,False,124.145802027585,False,False
1,1970-07-23 10:27:54.452573272,2025-09-12,2025-09-26 14:30:45.257,AH,C,3486496642,JASSM,3,128,76,2,2,1,225,9,2,0,1,26,0,0,0,0,-161434.84069998687,-4790420.918916549,4198863.001432896,-2.30107,-0.150043,0.131059,92.125,-13.75,-12.125,0.0,0.0,0.0,0.0,0.0,0.0,2,0,41.40958099371234,-91.93010930475108,10997.378970315707,100.02881706502616,-0.006663921550548,0.0055474737029156,,10022.661867135384,12264.339701119052,150,1,2025-09-12,2025-09-26 14:30:45.184,AH,C,1872724104,AMBUSH51,1,1,48,2,1,1,225,2,1,0,0,9,1,225,2,1,-157908.47006174584,-4787386.307276175,4201961.109125657,-2.95477,1.92707,-0.791045,-25.3265,78.0043,83.3585,-0.310053,-7.629,6.65297,0.0810839,0.0254488,0.0417274,4,0,41.44924610001077,-91.88917487209063,9973.429691537842,-15.477510060253223,-0.966773400939865,27.232233662048152,187.632,10022.661867135384,12264.339701119052,150,False,3.0095024358358815,False,113.7079405927268,117.88764775081341,False,128.36141327461905,False,False
1,1970-07-23 10:27:54.467380162,2025-09-12,2025-09-26 14:30:46.738,AH,C,3487868644,JASSM,3,128,76,2,2,1,225,9,2,0,1,26,0,0,0,0,-161328.88269217435,-4790436.950166549,4198848.876432896,-2.30107,-0.150043,0.131059,92.125,-13.75,-12.125,0.0,0.0,0.0,0.0,0.0,0.0,2,0,41.409411522363705,-91.92883698173632,10997.373078160252,100.0296586255767,-0.005694745679227,0.0055467743226552,,10022.661867135384,12264.339701119052,150,1,2025-09-12,2025-09-26 14:30:46.784,AH,C,1874632902,AMBUSH51,1,1,48,2,1,1,225,2,1,0,0,9,1,225,2,1,-157942.356347862,-4787260.471773908,4202093.796002471,-2.78827,1.82584,-0.801977,-17.1159,79.9744,83.5855,-0.448507,-8.14399,6.92128,0.0480565,0.0317988,0.0432462,4,0,41.45088373897803,-91.88962961726268,9955.073968003726,-11.394036723033716,-1.3685120831935274,32.53997272234727,187.388,10022.661867135384,12264.339701119052,150,False,3.050358434213088,False,109.62855057221074,115.48727526273683,False,134.8645137746413,False,False
1,1970-07-23 10:27:54.472490919,2025-09-12,2025-09-26 14:30:47.249,AH,C,3489181236,JASSM,3,128,76,2,2,1,225,9,2,0,1,26,0,0,0,0,-161227.51257498687,-4790452.287080611,4198835.364714146,-2.30107,-0.150043,0.131059,92.125,-13.75,-12.125,0.0,0.0,0.0,0.0,0.0,0.0,2,0,41.409249388320376,-91.92761975548244,10997.376219953225,100.0304637404789,-0.0047675365007837,0.0055461174876114,,10022.661867135384,12264.339701119052,150,1,2025-09-12,2025-09-26 14:30:47.118,AH,C,1875030568,AMBUSH51,1,1,48,2,1,1,225,2,1,0,0,9,1,225,2,1,-157947.81180714525,-4787233.2200573245,4202122.239307056,-2.75402,1.80028,-0.803845,-15.1561,80.3481,83.6639,-0.227926,-8.25987,6.80873,0.0535618,0.0240049,0.0569906,4,0,41.45123679534069,-91.88970558875054,9950.31378861723,-10.376342909923787,-1.4706322296641,33.42387508981808,187.388,10022.661867135384,12264.339701119052,150,False,3.04261910741022,False,108.65835555478415,114.25638468139228,False,137.06847421594563,False,False
1,1970-07-23 10:27:54.485010401,2025-09-12,2025-09-26 14:30:48.501,AH,C,3490493346,JASSM,3,128,76,2,2,1,225,9,2,0,1,26,0,0,0,0,-161126.18005545562,-4790467.616182174,4198821.854948521,-2.30107,-0.150043,0.131059,92.125,-13.75,-12.125,0.0,0.0,0.0,0.0,0.0,0.0,2,0,41.40908729353194,-91.92640298759504,10997.372987502962,100.03126854960978,-0.0038406704297093,0.0055454528521074,,10022.661867135384,12264.339701119052,150,1,2025-09-12,2025-09-26 14:30:48.488,AH,C,1876661000,AMBUSH51,1,1,48,2,1,1,225,2,1,0,0,9,1,225,2,1,-157962.7656364501,-4787123.122310895,4202236.036337608,-2.60841,1.69139,-0.806407,-6.74066,81.7503,83.6943,-0.287734,-8.4315,7.05402,0.0476654,0.034387,0.0422101,4,0,41.452657027466216,-91.88992780174962,9928.09492930121,-6.081203012097983,-1.993552930381316,37.13685832486416,187.388,10022.661867135384,12264.339701119052,150,False,3.0867688406344485,False,104.5200470340561,112.27250426827453,False,143.20225856301985,False,False
1,1970-07-23 10:27:54.494572158,2025-09-12,2025-09-26 14:30:49.457,AH,C,3491805698,JASSM,3,128,76,2,2,1,225,9,2,0,1,26,0,0,0,0,-161024.82849295562,-4790482.947236861,4198808.343229771,-2.30107,-0.150043,0.131059,92.125,-13.75,-12.125,0.0,0.0,0.0,0.0,0.0,0.0,2,0,41.40892516487795,-91.92518599746892,10997.374232108068,100.03207350314258,-0.0029136320756392,0.0055447973204243,,10022.661867135384,12264.339701119052,150,1,2025-09-12,2025-09-26 14:30:49.518,AH,C,1877893766,AMBUSH51,1,1,48,2,1,1,225,2,1,0,0,9,1,225,2,1,-157965.9524571441,-4787037.677249029,4202322.970697861,-2.49815,1.59571,-0.807876,0.549388,82.5713,83.5327,-0.246191,-8.95938,7.54401,0.0290669,0.0378658,0.0581308,4,0,41.45375158274429,-91.88999961247654,9907.176541428373,-2.2934498220173363,-2.208624495631821,39.354139596083854,187.705,10022.661867135384,12264.339701119052,150,False,3.1210634517691123,False,100.9598522368689,110.63384919337916,False,148.40556259289804,False,False
1,1970-07-23 10:27:54.505310922,2025-09-12,2025-09-26 14:30:50.531,AH,C,3493118050,JASSM,3,128,76,2,2,1,225,9,2,0,1,26,0,0,0,0,-160923.47693045562,-4790498.277314986,4198794.829557896,-2.30107,-0.150043,0.131059,92.125,-13.75,-12.125,0.0,0.0,0.0,0.0,0.0,0.0,2,0,41.40876301597447,-91.9239690137865,10997.37432509672,100.03287844982016,-0.001986592700682,0.005544134427798,,10022.661867135384,12264.339701119052,150,1,2025-09-12,2025-09-26 14:30:50.552,AH,C,1879126532,AMBUSH51,1,1,48,2,1,1,225,2,1,0,0,9,1,225,2,1,-157961.03829873385,-4786952.529118535,4202409.000328664,-2.39048,1.47876,-0.810731,8.93222,82.6706,83.2288,-0.385513,-9.95335,8.561,0.0159925,0.0533704,0.0537865,4,0,41.45483986121919,-91.889974452198,9884.373470717794,2.3318747123884083,-2.042108537178295,40.49897359713897,188.023,10022.661867135384,12264.339701119052,150,False,3.159633757905319,False,96.87580879481267,109.1043649895456,False,154.01981813564183,False,False
1,1970-07-23 10:27:54.527351322,2025-09-12,2025-09-26 14:30:52.735,AH,C,3495683320,JASSM,3,128,76,2,2,1,225,9,2,0,1,26,0,0,0,0,-160725.36364920562,-4790528.239229049,4198768.411589146,-2.30107,-0.149947,0.131059,92.125,-13.75,-12.125,0.0,0.0,0.0,0.0,0.0,0.0,2,0,41.40844603028914,-91.92159017826911,10997.374858465297,100.03081858530868,-0.004231458089899,0.0048251100321407,,10022.661867135384,12264.339701119052,150,1,2025-09-12,2025-09-26 14:30:52.618,AH,C,1881592062,AMBUSH51,1,1,48,2,1,1,225,2,1,0,0,9,1,225,2,1,-157923.4758068659,-4786784.657753309,4202581.068028998,-2.1888,1.23637,-0.805873,27.4381,79.5188,82.8323,-0.327508,-10.7675,9.61922,0.0161714,0.0648657,0.0552283,4,0,41.45700749048896,-91.88959156694692,9842.518654687998,11.866373070490711,-1.0284573124534495,41.73245813166333,188.292,10022.661867135384,12264.339701119052,150,False,3.2500877834343136,False,87.77766016619056,106.4434747068929,False,165.75519704790943,False,False
1,1970-07-23 10:27:54.534191569,2025-09-12,2025-09-26 14:30:53.419,AH,C,3494430400,JASSM,3,128,76,2,2,1,225,9,2,0,1,26,0,0,0,0,-160822.12536795562,-4790513.606416549,4198781.315886021,-2.30107,-0.150043,0.131059,92.125,-13.75,-12.125,0.0,0.0,0.0,0.0,0.0,0.0,2,0,41.4086008600043,-91.92275203654796,10997.3775048362,100.03368338964157,-0.0010595546012076,0.0055434771553251,,10022.661867135384,12264.339701119052,150,1,2025-09-12,2025-09-26 14:30:53.384,AH,C,1882506694,AMBUSH51,1,1,48,2,1,1,225,2,1,0,0,9,1,225,2,1,-157900.10390909313,-4786725.192504761,4202643.953350772,-2.11093,1.14134,-0.799123,34.5704,77.3935,82.2062,-0.473298,-11.3396,10.0443,0.0118708,0.0733857,0.0456888,4,0,41.45779035278941,-91.88933557319378,9831.083695835809,15.622559245746654,-0.4319674729172007,42.22908826402312,188.182,10022.661867135384,12264.339701119052,150,False,3.312384331411352,False,84.1842312626606,107.14494793979625,False,168.60041728414092,False,False
1,1970-07-23 10:27:54.570551392,2025-09-12,2025-09-26 14:30:57.055,AH,C,3500932502,JASSM,3,128,76,2,2,1,225,9,2,0,1,26,0,0,0,0,-160319.97400076812,-4790589.534150924,4198714.339323521,-2.30107,-0.149947,0.131155,92.125,-13.75,-12.125,0.0,0.0,0.0,0.0,0.0,0.0,2,0,41.4077972343378,-91.91672255989968,10997.373805383262,100.03813019308082,-0.0041881467759538,0.0048220555914197,,10022.661867135384,12264.339701119052,150,1,2025-09-12,2025-09-26 14:30:57.051,AH,C,1886881024,AMBUSH51,1,1,48,2,1,1,225,2,1,0,0,9,1,225,2,1,-157706.33382744677,-4786469.745167583,4202931.532853167,-1.75312,0.68005,-0.692911,69.6155,59.8333,72.873,-0.486935,-11.5747,10.5556,0.00434948,0.0706539,0.05584,4,0,41.4612892812936,-91.88711935157336,9812.33267144448,35.632684348243984,2.625300841019476,44.98109994577984,185.665,10022.661867135384,12264.339701119052,150,False,3.4750172724888584,False,64.68738433509068,102.68333122932906,False,166.76700218044203,False,False
1,1970-07-23 10:27:54.571250406,2025-09-12,2025-09-26 14:30:57.125,AH,C,3499620152,JASSM,3,128,76,2,2,1,225,9,2,0,1,26,0,0,0,0,-160421.32556326812,-4790574.211885299,4198727.860807896,-2.30107,-0.149947,0.131155,92.125,-13.75,-12.125,0.0,0.0,0.0,0.0,0.0,0.0,2,0,41.4079594661664,-91.91793950440947,10997.377198083344,100.03732528767202,-0.005115185090636,0.0048227179230113,,10022.661867135384,12264.339701119052,150,1,2025-09-12,2025-09-26 14:30:57.089,AH,C,1886920790,AMBUSH51,1,1,48,2,1,1,225,2,1,0,0,9,1,225,2,1,-157704.69642311396,-4786468.343232024,4202933.21410629,-1.75159,0.678067,-0.691569,69.964,59.8018,72.5201,-0.399652,-11.5689,10.2634,0.00533777,0.0585011,0.0569698,4,0,41.46130929096602,-91.88710032482771,9812.40723890101,35.748475079758784,2.6117284652191497,45.00110063715385,185.665,10022.661867135384,12264.339701119052,150,False,3.488885014702837,False,64.46882438547318,103.58190090191687,False,167.452591377972,False,False
1,1970-07-23 10:27:54.586389142,2025-09-12,2025-09-26 14:30:58.638,AH,C,3502244854,JASSM,3,128,76,2,2,1,225,9,2,0,1,26,0,0,0,0,-160218.62194998687,-4790604.855439986,4198700.819792271,-2.30107,-0.149947,0.131155,92.125,-13.75,-12.125,0.0,0.0,0.0,0.0,0.0,0.0,2,0,41.40763500872327,-91.9155056160013,10997.377697456202,100.03893509548892,-0.0032611077426594,0.0048214127193503,,10022.661867135384,12264.339701119052,150,1,2025-09-12,2025-09-26 14:30:58.652,AH,C,1888789822,AMBUSH51,1,1,48,2,1,1,225,2,1,0,0,9,1,225,2,1,-157584.1535916664,-4786380.855744846,4203040.972682135,-1.66015,0.533611,-0.611613,81.5937,50.9374,65.5877,-0.397607,-10.7964,9.50901,-0.00872497,0.0648823,0.0613266,4,0,41.46258074006244,-91.88569338848733,9821.752867678297,43.7657912462863,2.9176130704141223,45.59870067601131,183.734,10022.661867135384,12264.339701119052,150,False,3.5592678107848164,False,56.59156851827409,102.28472017195278,False,158.37302510146554,False,False
1,1970-07-23 10:27:54.589167633,2025-09-12,2025-09-26 14:30:58.916,AH,C,3498307838,JASSM,3,128,76,2,2,1,225,9,2,0,1,26,0,0,0,0,-160522.67468436187,-4790558.888643111,4198741.378386021,-2.30107,-0.149947,0.131155,92.125,-13.75,-12.125,0.0,0.0,0.0,0.0,0.0,0.0,2,0,41.408121665049954,-91.91915642619686,10997.374999715892,100.0365203946989,-0.0060421986288059,0.004823364204231,,10022.661867135384,12264.339701119052,150,1,2025-09-12,2025-09-26 14:30:58.918,AH,C,1889107954,AMBUSH51,1,1,48,2,1,1,225,2,1,0,0,9,1,225,2,1,-157561.96580689,-4786367.3599559525,4203057.916996,-1.64889,0.512333,-0.59639,83.9907,49.9958,62.8722,-0.257606,-10.5661,9.2734,0.000789586,0.0555571,0.0657166,4,0,41.46277974447695,-91.88543338764146,9823.603874743148,45.0968233111453,2.885330602091579,45.61867398282264,183.33,10022.661867135384,12264.339701119052,150,False,3.6135916265018686,False,54.83098906543023,104.97726631373268,False,159.42373597297095,False,False
1,1970-07-23 10:27:54.624570802,2025-09-12,2025-09-26 14:31:02.457,AH,C,3507374956,JASSM,3,128,76,2,2,1,225,9,2,0,1,26,0,0,0,0,-159822.42810233062,-4790664.735322799,4198647.952604771,-2.30107,-0.149851,0.131155,92.125,-13.75,-12.125,0.0,0.0,0.0,0.0,0.0,0.0,2,0,41.40700068210102,-91.91074854109748,10997.37574987364,100.03844827392771,-0.0036941819108487,0.0041005594896865,,10022.661867135384,12264.339701119052,150,1,2025-09-12,2025-09-26 14:31:02.518,AH,C,1893402750,AMBUSH51,1,1,48,2,1,1,225,2,1,0,0,9,1,225,2,1,-157221.8980894081,-4786222.612158665,4203245.33360505,-1.54497,0.257341,-0.38712,104.045,30.1429,40.7516,-0.395885,-10.1218,9.73953,-0.0084753,0.0659913,0.0579768,4,0,41.46497240818519,-91.88142382022367,9847.588175792518,62.68071850631316,2.9485020670860345,45.50881675479897,181.73,10022.661867135384,12264.339701119052,150,False,3.720230262869093,False,37.048415201352974,100.91498650895784,False,137.81102875803205,False,False
1,1970-07-23 10:27:54.625047848,2025-09-12,2025-09-26 14:31:02.504,AH,C,3497055104,JASSM,3,128,76,2,2,1,225,9,2,0,1,26,0,0,0,0,-160619.42224295562,-4790544.259736861,4198754.282682896,-2.30107,-0.149947,0.131155,92.125,-13.75,-12.125,0.0,0.0,0.0,0.0,0.0,0.0,2,0,41.40827649893532,-91.92031810218629,10997.37560621224,100.03575203982405,-0.0069271252571472,0.0048239921927115,,10022.661867135384,12264.339701119052,150,1,2025-09-12,2025-09-26 14:31:02.518,AH,C,1893402750,AMBUSH51,1,1,48,2,1,1,225,2,1,0,0,9,1,225,2,1,-157221.8980894081,-4786222.612158665,4203245.33360505,-1.54497,0.257341,-0.38712,104.045,30.1429,40.7516,-0.395885,-10.1218,9.73953,-0.0084753,0.0659913,0.0579768,4,0,41.46497240818519,-91.88142382022367,9847.588175792518,62.68071850631316,2.9485020670860345,45.50881675479897,181.73,10022.661867135384,12264.339701119052,150,False,3.8256254935546523,False,37.048415201352974,107.37542794180418,False,144.2535458812355,False,False
1,1970-07-23 10:27:54.625075021,2025-09-12,2025-09-26 14:31:02.507,AH,C,3503497554,JASSM,3,128,76,2,2,1,225,9,2,0,1,26,0,0,0,0,-160121.87683279935,-4790619.478486861,4198687.911589146,-2.30107,-0.149947,0.131155,92.125,-13.75,-12.125,0.0,0.0,0.0,0.0,0.0,0.0,2,0,41.4074801342398,-91.91434399437505,10997.375123097803,100.0397034046118,-0.002376205681837,0.0048207883078216,,10022.661867135384,12264.339701119052,150,1,2025-09-12,2025-09-26 14:31:02.518,AH,C,1893402750,AMBUSH51,1,1,48,2,1,1,225,2,1,0,0,9,1,225,2,1,-157221.8980894081,-4786222.612158665,4203245.33360505,-1.54497,0.257341,-0.38712,104.045,30.1429,40.7516,-0.395885,-10.1218,9.73953,-0.0084753,0.0659913,0.0579768,4,0,41.46497240818519,-91.88142382022367,9847.588175792518,62.68071850631316,2.9485020670860345,45.50881675479897,181.73,10022.661867135384,12264.339701119052,150,False,3.7541997172043184,False,37.048415201352974,103.38435591849252,False,140.27411805895517,False,False
1,1970-07-23 10:27:54.625135753,2025-09-12,2025-09-26 14:31:02.513,AH,C,3504809904,JASSM,3,128,76,2,2,1,225,9,2,0,1,26,0,0,0,0,-160020.52527029935,-4790634.797822799,4198674.388151646,-2.30107,-0.149947,0.131155,92.125,-13.75,-12.125,0.0,0.0,0.0,0.0,0.0,0.0,2,0,41.40731786861599,-91.91312706892492,10997.3765027233,100.04050828974644,-0.001449168894158,0.004820129857835,,10022.661867135384,12264.339701119052,150,1,2025-09-12,2025-09-26 14:31:02.518,AH,C,1893402750,AMBUSH51,1,1,48,2,1,1,225,2,1,0,0,9,1,225,2,1,-157221.8980894081,-4786222.612158665,4203245.33360505,-1.54497,0.257341,-0.38712,104.045,30.1429,40.7516,-0.395885,-10.1218,9.73953,-0.0084753,0.0659913,0.0579768,4,0,41.46497240818519,-91.88142382022367,9847.588175792518,62.68071850631316,2.9485020670860345,45.50881675479897,181.73,10022.661867135384,12264.339701119052,150,False,3.7419285254924577,False,37.048415201352974,102.5536869619575,False,139.4456307361043,False,False
1,1970-07-23 10:27:54.646687934,2025-09-12,2025-09-26 14:31:04.668,AH,C,3506122256,JASSM,3,128,76,2,2,1,225,9,2,0,1,26,0,0,0,0,-159919.17321951812,-4790650.115205611,4198660.862761021,-2.30107,-0.149851,0.131155,92.125,-13.75,-12.125,0.0,0.0,0.0,0.0,0.0,0.0,2,0,41.40715558865006,-91.91191014447656,10997.374288980467,100.03767998414584,-0.0045790824010374,0.0041012361254975,,10022.661867135384,12264.339701119052,150,1,2025-09-12,2025-09-26 14:31:04.685,AH,C,1895987580,AMBUSH51,1,1,48,2,1,1,225,2,1,0,0,9,1,225,2,1,-156988.1605012105,-4786171.711046881,4203317.6871006265,-1.51541,0.121669,-0.248082,111.624,16.5733,26.2116,-0.384657,-10.0193,9.76924,0.00267044,0.0615305,0.0629141,4,0,41.465809224052514,-91.8786487285025,9860.847366416903,73.55359850618561,2.9141555001030803,45.32337742820035,181.607,10022.661867135384,12264.339701119052,150,False,3.8243127412722813,False,26.513147250787128,103.18268216782818,False,129.5588714897457,False,False
1,1970-07-23 10:27:54.660816170,2025-09-12,2025-09-26 14:31:06.081,AH,C,3508687306,JASSM,3,128,76,2,2,1,225,9,2,0,1,26,0,0,0,0,-159721.07605154935,-4790680.049775924,4198634.425261021,-2.30107,-0.149851,0.131251,92.125,-13.75,-12.125,0.0,0.0,0.0,0.0,0.0,0.0,2,0,41.40683838121575,-91.90953162965396,10997.372820081837,100.04334526473464,-0.0064317785184354,0.0040995168548543,,10022.661867135384,12264.339701119052,150,1,2025-09-12,2025-09-26 14:31:06.151,AH,C,1897737312,AMBUSH51,1,1,48,2,1,1,225,2,1,0,0,9,1,225,2,1,-156822.1681420976,-4786153.774365241,4203347.533941557,-1.49642,0.0364608,-0.155058,114.634,7.21207,15.7848,-0.331788,-9.82287,9.51846,-0.00826308,0.0593334,0.0654732,4,0,41.46614975291498,-91.87667077730956,9868.2445006524,80.72439475340245,2.9269002137888203,45.79829360459726,181.449,10022.661867135384,12264.339701119052,150,False,3.8537091533139756,False,19.431435817812595,102.70479886930332,False,122.01163966025571,False,False
1,1970-07-23 10:27:54.662990024,2025-09-12,2025-09-26 14:31:06.299,AH,C,3511252356,JASSM,3,128,76,2,2,1,225,9,2,0,1,26,0,0,0,0,-159522.97888358062,-4790709.980439986,4198607.983854771,-2.30107,-0.149851,0.131251,92.125,-13.75,-12.125,0.0,0.0,0.0,0.0,0.0,0.0,2,0,41.40652112146849,-91.90715313952558,10997.374234873314,100.04491839659012,-0.0046198392293041,0.0040982520202096,,10022.661867135384,12264.339701119052,150,1,2025-09-12,2025-09-26 14:31:06.151,AH,C,1897737312,AMBUSH51,1,1,48,2,1,1,225,2,1,0,0,9,1,225,2,1,-156822.1681420976,-4786153.774365241,4203347.533941557,-1.49642,0.0364608,-0.155058,114.634,7.21207,15.7848,-0.331788,-9.82287,9.51846,-0.00826308,0.0593334,0.0654732,4,0,41.46614975291498,-91.87667077730956,9868.2445006524,80.72439475340245,2.9269002137888203,45.79829360459726,181.449,10022.661867135384,12264.339701119052,150,False,3.831686713454656,False,19.431435817812595,101.11453373992525,False,120.42273662833814,False,False
1,1970-07-23 10:27:54.668369224,2025-09-12,2025-09-26 14:31:06.836,AH,C,3512505250,JASSM,3,128,76,2,2,1,225,9,2,0,1,26,0,0,0,0,-159426.21814139312,-4790724.597627486,4198595.067839146,-2.30107,-0.149851,0.131251,92.125,-13.75,-12.125,0.0,0.0,0.0,0.0,0.0,0.0,2,0,41.406366147851294,-91.9059913732511,10997.374976637548,100.04568678445766,-0.0037347982800067,0.0040976439333504,,10022.661867135384,12264.339701119052,150,1,2025-09-12,2025-09-26 14:31:06.721,AH,C,1898413344,AMBUSH51,1,1,48,2,1,1,225,2,1,0,0,9,1,225,2,1,-156757.08149129542,-4786150.393915574,4203355.190182016,-1.49433,0.00428943,-0.117387,115.396,3.77222,11.1172,-0.316856,-9.83079,9.54568,0.00201714,0.0684609,0.0643039,4,0,41.46623421965885,-91.87589377430548,9871.33223924889,83.55505350319329,2.866102392002843,45.8109456970116,181.449,10022.661867135384,12264.339701119052,150,False,3.838962243311509,False,16.544121330150237,100.79552307910186,False,117.24977779210329,False,False
1,1970-07-23 10:27:54.674350983,2025-09-12,2025-09-26 14:31:07.435,AH,C,3509940006,JASSM,3,128,76,2,2,1,225,9,2,0,1,26,0,0,0,0,-159624.33093436187,-4790694.667939986,4198621.513151646,-2.30107,-0.149851,0.131251,92.125,-13.75,-12.125,0.0,0.0,0.0,0.0,0.0,0.0,2,0,41.40668344908208,-91.90837003835288,10997.375479023149,100.04411354171994,-0.0055468782353222,0.0040989016853792,,10022.661867135384,12264.339701119052,150,1,2025-09-12,2025-09-26 14:31:07.317,AH,C,1899129144,AMBUSH51,1,1,48,2,1,1,225,2,1,0,0,9,1,225,2,1,-156688.9453285228,-4786149.15428037,4203360.264358622,-1.49007,-0.031216,-0.0776051,115.674,-0.138736,7.1907,-0.299305,-9.91406,9.59569,-0.00401659,0.0568907,0.0683111,4,0,41.46628911163548,-91.87507946425984,9873.827664222215,86.60803431355244,2.8779505350992625,46.00955225552519,181.522,10022.661867135384,12264.339701119052,150,False,3.877452805672151,False,13.821209808005165,102.86811249517923,False,116.57978376175792,False,False
1,1970-07-23 10:27:54.678511635,2025-09-12,2025-09-26 14:31:07.851,AH,C,3513757962,JASSM,3,128,76,2,2,1,225,9,2,0,1,26,0,0,0,0,-159329.47204764312,-4790739.211885299,4198582.151823521,-2.30107,-0.149851,0.131251,92.125,-13.75,-12.125,0.0,0.0,0.0,0.0,0.0,0.0,2,0,41.406211177029846,-91.9048297886595,10997.3747136428,100.04645504979544,-0.0028498899437109,0.0040970270593849,,10022.661867135384,12264.339701119052,150,1,2025-09-12,2025-09-26 14:31:07.851,AH,C,1899765410,AMBUSH51,1,1,48,2,1,1,225,2,1,0,0,9,1,225,2,1,-156627.17721364344,-4786149.854793114,4203362.51924685,-1.48681,-0.0603294,-0.0440285,115.857,-3.44988,2.83731,-0.331284,-9.80546,9.52437,0.00108919,0.0568575,0.0699423,4,0,41.46631218788559,-91.87434054519996,9875.4798813602,89.15580458637216,2.855461794864381,46.22276778209093,181.4,10022.661867135384,12264.339701119052,150,False,3.858276670465935,False,11.11614441731179,100.966702554948,False,111.99842044020403,False,False
1,1970-07-23 10:27:54.689527535,2025-09-12,2025-09-26 14:31:08.952,AH,C,3515070104,JASSM,3,128,76,2,2,1,225,9,2,0,1,26,0,0,0,0,-159228.13611014312,-4790754.518525924,4198568.622526646,-2.30107,-0.149851,0.131251,92.125,-13.75,-12.125,0.0,0.0,0.0,0.0,0.0,0.0,2,0,41.406048843632114,-91.90361310228118,10997.376343109028,100.0472597565994,-0.001923000272209,0.0040963829418965,,10022.661867135384,12264.339701119052,150,1,2025-09-12,2025-09-26 14:31:09.031,AH,C,1901157242,AMBUSH51,1,1,48,2,1,1,225,2,1,0,0,9,1,225,2,1,-156491.7969653865,-4786157.934412283,4203359.6699587125,-1.48994,-0.130069,0.0331615,115.252,-10.9681,-6.53229,-0.307158,-9.98789,9.60613,-0.0055271,0.0591794,0.0768936,4,0,41.46627122543362,-91.87271845932604,9878.26142016608,95.1238327615732,2.915540676957483,46.32181221460945,181.363,10022.661867135384,12264.339701119052,150,False,3.8715990862295797,False,5.173733084231868,101.18018757820593,False,106.29577017066457,False,False
1,1970-07-23 10:27:54.699547188,2025-09-12,2025-09-26 14:31:09.954,AH,C,3516322948,JASSM,3,128,76,2,2,1,225,9,2,0,1,26,0,0,0,0,-159131.37927420562,-4790769.131807174,4198555.702604771,-2.30107,-0.149755,0.131251,92.125,-13.75,-12.125,0.0,0.0,0.0,0.0,0.0,0.0,2,0,41.40589383035866,-91.9024514010498,10997.37456354036,100.04439500398443,-0.0050949430679285,0.0033770406970003,,10022.661867135384,12264.339701119052,150,1,2025-09-12,2025-09-26 14:31:09.850,AH,C,1902151408,AMBUSH51,1,1,48,2,1,1,225,2,1,0,0,9,1,225,2,1,-156396.91374978746,-4786168.85901426,4203351.408580396,-1.49489,-0.175611,0.0889844,114.208,-16.1754,-12.5726,-0.277767,-9.93494,9.46256,-0.00810496,0.0635362,0.0669046,4,0,41.466168915624046,-91.8715795421867,9879.536454686464,99.2494748778924,2.7216114180648887,46.40066018647469,181.4,10022.661867135384,12264.339701119052,150,False,3.8741839002745255,False,1.2692630741169835,101.1484830762774,False,102.29772682650008,False,False
1,1970-07-23 10:27:54.711572008,2025-09-12,2025-09-26 14:31:11.157,AH,C,3517635152,JASSM,3,128,76,2,2,1,225,9,2,0,1,26,0,0,0,0,-159030.03845389312,-4790784.436494674,4198542.169401646,-2.30107,-0.149755,0.131251,92.125,-13.75,-12.125,0.0,0.0,0.0,0.0,0.0,0.0,2,0,41.40573145801925,-91.9012346689553,10997.373239922554,100.04519973600028,-0.0041680084754852,0.0033763316671009,,10022.661867135384,12264.339701119052,150,1,2025-09-12,2025-09-26 14:31:11.250,AH,C,1903821606,AMBUSH51,1,1,48,2,1,1,225,2,1,0,0,9,1,225,2,1,-156238.30832541338,-4786197.26891931,4203325.355006272,-1.51598,-0.25905,0.181159,111.084,-25.1677,-22.916,-0.208598,-9.98424,9.57775,9.67477e-05,0.0568034,0.0648261,4,0,41.46585485285689,-91.86967179132722,9880.015187443643,106.35143533145882,2.645959870119831,46.17029176637744,181.607,10022.661867135384,12264.339701119052,150,False,3.8769754801127654,False,5.7852966081762816,101.62535097079986,False,95.84303529248275,False,False
1,1970-07-23 10:27:54.722328008,2025-09-12,2025-09-26 14:31:12.232,AH,C,3518947638,JASSM,3,128,76,2,2,1,225,9,2,0,1,26,0,0,0,0,-158928.67517264312,-4790799.744111861,4198528.634245396,-2.30107,-0.149755,0.131251,92.125,-13.75,-12.125,0.0,0.0,0.0,0.0,0.0,0.0,2,0,41.40556904663035,-91.900017673431,10997.37853818263,100.04600463964618,-0.0032408702605389,0.003375632069649,,10022.661867135384,12264.339701119052,150,1,2025-09-12,2025-09-26 14:31:12.318,AH,C,1905094138,AMBUSH51,1,1,48,2,1,1,225,2,1,0,0,9,1,225,2,1,-156121.65735906566,-4786227.019339731,4203295.812605371,-1.53608,-0.321455,0.247146,107.55,-31.3872,-31.2601,-0.300235,-10.0257,9.74023,-0.0140534,0.0684047,0.0547498,4,0,41.46550109587457,-91.86826523810866,9879.584403821586,111.50469496547916,2.5777052790080304,46.01418432559873,181.73,10022.661867135384,12264.339701119052,150,False,3.869438765543643,False,11.172088972779427,101.8044893446902,False,90.64152021050965,False,False
1,1970-07-23 10:27:54.733306492,2025-09-12,2025-09-26 14:31:13.330,AH,C,3520259856,JASSM,3,128,76,2,2,1,225,9,2,0,1,26,0,0,0,0,-158827.33337576812,-4790815.045869674,4198515.099089146,-2.30107,-0.149755,0.131347,92.125,-13.75,-12.125,0.0,0.0,0.0,0.0,0.0,0.0,2,0,41.40540665298377,-91.89880094294976,10997.37666699113,100.05090153431632,-0.0059785126729037,0.0033746325541062,,10022.661867135384,12264.339701119052,150,1,2025-09-12,2025-09-26 14:31:13.451,AH,C,1906446202,AMBUSH51,1,1,48,2,1,1,225,2,1,0,0,9,1,225,2,1,-156002.33658052323,-4786266.011350589,4203255.452680307,-1.56141,-0.393205,0.316384,102.953,-38.3001,-38.6877,-0.36692,-10.1081,9.93219,-0.000606493,0.06317,0.0546499,4,0,41.46501984328263,-91.86682317197486,9878.15577820503,117.10797806985217,2.594833975671123,45.95982217078662,181.852,10022.661867135384,12264.339701119052,150,False,3.855441049290965,False,16.65623105023063,102.04886671779835,False,85.40108600406036,False,False
1,1970-07-23 10:27:54.743347293,2025-09-12,2025-09-26 14:31:14.334,AH,C,3521512572,JASSM,3,128,76,2,2,1,225,9,2,0,1,26,0,0,0,0,-158730.58630545562,-4790829.653291549,4198502.175261021,-2.30107,-0.149755,0.131347,92.125,-13.75,-12.125,0.0,0.0,0.0,0.0,0.0,0.0,2,0,41.40525159767345,-91.89763938358108,10997.373516242427,100.05166976840592,-0.0050935954977743,0.0033740119709798,,10022.661867135384,12264.339701119052,150,1,2025-09-12,2025-09-26 14:31:14.251,AH,C,1907400602,AMBUSH51,1,1,48,2,1,1,225,2,1,0,0,9,1,225,2,1,-155922.2824661954,-4786297.877514162,4203221.953563902,-1.57493,-0.443645,0.364645,98.9806,-42.7753,-44.3832,-0.289439,-10.1116,9.73663,-0.00201298,0.0584554,0.0568783,4,0,41.46461966579104,-91.86585345709815,9877.273635355725,120.9925965400515,2.5000817550956773,46.323301187365246,181.852,10022.661867135384,12264.339701119052,150,False,3.838576192485234,False,20.71339702007314,102.01040358797768,False,81.31595000468147,False,False
1,1970-07-23 10:27:54.754468780,2025-09-12,2025-09-26 14:31:15.446,AH,C,3522884558,JASSM,3,128,76,2,2,1,225,9,2,0,1,26,0,0,0,0,-158624.62829764312,-4790845.650361861,4198488.022917271,-2.30107,-0.149755,0.131347,92.125,-13.75,-12.125,0.0,0.0,0.0,0.0,0.0,0.0,2,0,41.40508178595065,-91.89636724312015,10997.377324435223,100.05251113608676,-0.0041244322236334,0.0033733512003368,,10022.661867135384,12264.339701119052,150,1,2025-09-12,2025-09-26 14:31:15.552,AH,C,1908951500,AMBUSH51,1,1,48,2,1,1,225,2,1,0,0,9,1,225,2,1,-155799.5534856342,-4786357.721207794,4203158.853019154,-1.61811,-0.538019,0.443459,91.2876,-49.8192,-52.3119,-0.333629,-10.0793,9.76769,-0.00975279,0.0637713,0.0617905,4,0,41.46386148711909,-91.86436255627532,9877.423880718216,127.71473417969123,2.502473621966109,46.272155322414434,181.852,10022.661867135384,12264.339701119052,150,False,3.809552354802318,False,27.158959514022996,102.34501942771124,False,75.20825797384056,False,False
1,1970-07-23 10:27:54.765487887,2025-09-12,2025-09-26 14:31:16.548,AH,C,3524137258,JASSM,3,128,76,2,2,1,225,9,2,0,1,26,0,0,0,0,-158527.88220389312,-4790860.254854049,4198475.099089146,-2.30107,-0.149755,0.131347,92.125,-13.75,-12.125,0.0,0.0,0.0,0.0,0.0,0.0,2,0,41.40492672329922,-91.8952057081482,10997.377525739015,100.05327934907994,-0.0032395274788441,0.0033727458146678,,10022.661867135384,12264.339701119052,150,1,2025-09-12,2025-09-26 14:31:16.551,AH,C,1910144498,AMBUSH51,1,1,48,2,1,1,225,2,1,0,0,9,1,225,2,1,-155712.19893887755,-4786409.645934096,4203103.100082733,-1.65388,-0.614969,0.50124,84.6894,-54.7042,-58.2582,-0.255732,-10.2126,9.845,-0.00696687,0.0710034,0.0698029,4,0,41.46319315361097,-91.86329777264528,9876.915737013189,132.85502908108683,2.4838867029602527,46.45408834841149,182.108,10022.661867135384,12264.339701119052,150,False,3.7794047752224627,False,32.14833898102725,102.45965203397739,False,70.34252987655113,False,False
1,1970-07-23 10:27:54.775505632,2025-09-12,2025-09-26 14:31:17.550,AH,C,3525389998,JASSM,3,128,76,2,2,1,225,9,2,0,1,26,0,0,0,0,-158431.13415701812,-4790874.858369674,4198462.173307896,-2.30107,-0.149755,0.131347,92.125,-13.75,-12.125,0.0,0.0,0.0,0.0,0.0,0.0,2,0,41.40477164192826,-91.89404415575274,10997.375929168518,100.05404757122948,-0.0023546045429779,0.0033721365060017,,10022.661867135384,12264.339701119052,150,1,2025-09-12,2025-09-26 14:31:17.550,AH,C,1911337498,AMBUSH51,1,1,48,2,1,1,225,2,1,0,0,9,1,225,2,1,-155632.38375965809,-4786466.312053895,4203042.037694431,-1.70899,-0.703509,0.554109,77.0712,-59.4537,-63.5988,-0.389681,-10.2851,10.015,-0.0274857,0.0583201,0.0609271,4,0,41.46245930317311,-91.8623213211528,9877.134101587331,138.1817438945277,2.741371398529396,46.09576437062601,182.023,10022.661867135384,12264.339701119052,150,False,3.744123094718896,False,37.292478964387094,102.54284092697941,False,65.28414078330333,False,False
1,1970-07-23 10:27:54.797285863,2025-09-12,2025-09-26 14:31:19.728,AH,C,3527955006,JASSM,3,128,76,2,2,1,225,9,2,0,1,26,0,0,0,0,-158233.03845389312,-4790904.756807174,4198435.704557896,-2.30107,-0.149659,0.131347,92.125,-13.75,-12.125,0.0,0.0,0.0,0.0,0.0,0.0,2,0,41.40445406878816,-91.89166584664308,10997.375399833229,100.05198752601152,-0.0045996316498767,0.0026516103427842,,10022.661867135384,12264.339701119052,150,1,2025-09-12,2025-09-26 14:31:19.583,AH,C,1913763262,AMBUSH51,1,1,48,2,1,1,225,2,1,0,0,9,1,225,2,1,-155491.02575238072,-4786595.902014261,4202905.096779362,-2.11121,-0.876228,0.631789,62.392,-67.954,-70.5126,-0.0447165,-10.2975,9.95804,-0.2099,0.0467229,0.0325707,4,0,41.46079129160922,-91.8605806603332,9886.816809518936,147.49602018367517,3.485908784845328,29.10075511863704,182.475,10022.661867135384,12264.339701119052,150,False,3.6582815327880427,False,46.28619892882209,102.60971261649394,False,56.3321468126604,False,False
1,1970-07-23 10:27:54.800993965,2025-09-12,2025-09-26 14:31:20.099,AH,C,3526642970,JASSM,3,128,76,2,2,1,225,9,2,0,1,26,0,0,0,0,-158334.36755545562,-4790889.464814986,4198449.243620396,-2.30107,-0.149659,0.131347,92.125,-13.75,-12.125,0.0,0.0,0.0,0.0,0.0,0.0,2,0,41.40461650868063,-91.8928823860651,10997.376554923809,100.05118294176609,-0.005526453477803,0.0026522981661553,,10022.661867135384,12264.339701119052,150,1,2025-09-12,2025-09-26 14:31:19.950,AH,C,1914200694,AMBUSH51,1,1,48,2,1,1,225,2,1,0,0,9,1,225,2,1,-155468.9969848276,-4786620.830713544,4202879.789905947,-2.20452,-0.901017,0.632435,60.2774,-69.4822,-70.7578,-0.114023,-10.1178,9.84282,-0.240229,0.0445986,0.0252511,4,0,41.46047640778165,-91.86030757114938,9891.34508824167,148.51408987322486,4.018047346897078,24.66053234424394,182.389,10022.661867135384,12264.339701119052,150,False,3.6581796278280017,False,47.48651425670662,103.753141024749,False,56.26797279754298,False,False
1,1970-07-23 10:27:54.814974968,2025-09-12,2025-09-26 14:31:21.497,AH,C,3529267358,JASSM,3,128,76,2,2,1,225,9,2,0,1,26,0,0,0,0,-158131.68591483062,-4790920.052705611,4198422.159636021,-2.30107,-0.149659,0.131347,92.125,-13.75,-12.125,0.0,0.0,0.0,0.0,0.0,0.0,2,0,41.40429155784337,-91.8904490317509,10997.374721373266,100.05279228984722,-0.0036725917163498,0.0026509020376889,,10022.661867135384,12264.339701119052,150,1,2025-09-12,2025-09-26 14:31:21.717,AH,C,1916308326,AMBUSH51,1,1,48,2,1,1,225,2,1,0,0,9,1,225,2,1,-155369.2808902479,-4786748.234093526,4202757.116867098,-2.52704,-0.948809,0.617252,54.3409,-74.0149,-69.2683,-0.1503,-8.30661,8.03444,-0.0668214,0.015154,-0.00463453,4,0,41.45890957210027,-91.85906578083063,9930.001554154507,150.06802390144742,5.834914486802695,7.916761539869185,180.911,10022.661867135384,12264.339701119052,150,True,3.568476678252792,False,50.55732346206548,103.442817828389,False,52.93472085654526,False,False
1,1970-07-23 10:27:54.818485667,2025-09-12,2025-09-26 14:31:21.848,AH,C,3530520056,JASSM,3,128,76,2,2,1,225,9,2,0,1,26,0,0,0,0,-158034.93982108062,-4790934.651338424,4198409.231901646,-2.30107,-0.149659,0.131347,92.125,-13.75,-12.125,0.0,0.0,0.0,0.0,0.0,0.0,2,0,41.404136443917146,-91.8892875272373,10997.377515891072,100.05356047067788,-0.0027876900800155,0.0026502483681024,,10022.661867135384,12264.339701119052,150,1,2025-09-12,2025-09-26 14:31:21.717,AH,C,1916308326,AMBUSH51,1,1,48,2,1,1,225,2,1,0,0,9,1,225,2,1,-155369.2808902479,-4786748.234093526,4202757.116867098,-2.52704,-0.948809,0.617252,54.3409,-74.0149,-69.2683,-0.1503,-8.30661,8.03444,-0.0668214,0.015154,-0.00463453,4,0,41.45890957210027,-91.85906578083063,9930.001554154507,150.06802390144742,5.834914486802695,7.916761539869185,180.911,10022.661867135384,12264.339701119052,150,True,3.5567117050780106,False,50.55732346206548,102.60877788469207,False,52.101409698043206,False,False
1,1970-07-23 10:27:54.829527034,2025-09-12,2025-09-26 14:31:22.952,AH,C,3531832452,JASSM,3,128,76,2,2,1,225,9,2,0,1,26,0,0,0,0,-157933.58337576812,-4790949.944307174,4198395.685026646,-2.30107,-0.149659,0.131443,92.125,-13.75,-12.125,0.0,0.0,0.0,0.0,0.0,0.0,2,0,41.40397391282245,-91.88807067868667,10997.375804497176,100.05845746700024,-0.005525149593225,0.0026492871034865,,10022.661867135384,12264.339701119052,150,1,2025-09-12,2025-09-26 14:31:22.984,AH,C,1917819458,AMBUSH51,1,1,48,2,1,1,225,2,1,0,0,9,1,225,2,1,-155302.26653540498,-4786841.608245799,4202669.018489337,-2.55807,-0.964897,0.61165,52.2072,-74.9305,-68.4655,-0.101862,-7.65675,7.40592,0.0166832,0.00218775,0.00670056,4,0,41.45777225867497,-91.85822826251032,9962.759329666873,150.59695599402957,6.464119592804791,6.726880670870848,179.493,10022.661867135384,12264.339701119052,150,True,3.496149407478664,False,51.527925737397574,102.71684821020783,False,51.280492977367715,False,False
1,1970-07-23 10:27:54.841524684,2025-09-12,2025-09-26 14:31:24.152,AH,C,3533204410,JASSM,3,128,76,2,2,1,225,9,2,0,1,26,0,0,0,0,-157827.62732108062,-4790965.930635299,4198381.522917271,-2.30107,-0.149659,0.131443,92.125,-13.75,-12.125,0.0,0.0,0.0,0.0,0.0,0.0,2,0,41.403803992874096,-91.88679861563897,10997.377280573228,100.05929876220884,-0.0045560060429004,0.002648627720265,,10022.661867135384,12264.339701119052,150,1,2025-09-12,2025-09-26 14:31:24.017,AH,C,1919052222,AMBUSH51,1,1,48,2,1,1,225,2,1,0,0,9,1,225,2,1,-155249.41197172948,-4786918.191371076,4202598.546420823,-2.57413,-0.981109,0.614685,50.7403,-75.147,-68.0533,-0.225229,-7.08993,7.03202,-0.0339272,-0.000579446,0.0125907,4,0,41.45685108623892,-91.8575665905526,9993.677562655925,151.3601741850483,6.647170696086578,6.428239005363319,178.54,10022.661867135384,12264.339701119052,150,True,3.4439910132466918,False,52.15921983994054,102.58278321412665,False,50.537176717351905,False,False
1,1970-07-23 10:27:54.854174457,2025-09-12,2025-09-26 14:31:25.417,AH,C,3534457110,JASSM,3,128,76,2,2,1,225,9,2,0,1,26,0,0,0,0,-157730.88122733062,-4790980.526338424,4198368.589323521,-2.30107,-0.149659,0.131443,92.125,-13.75,-12.25,0.0,0.0,0.0,0.0,0.0,0.0,2,0,41.40364881996276,-91.88563712964446,10997.375872439728,100.06006692338474,-0.0036711012751528,0.0026480151766791,,10022.661867135384,12264.339701119052,150,1,2025-09-12,2025-09-26 14:31:25.417,AH,C,1920722420,AMBUSH51,1,1,48,2,1,1,225,2,1,0,0,9,1,225,2,1,-155179.32129999064,-4787021.898417681,4202502.033694882,-2.73641,-0.986073,0.640855,49.7017,-74.2102,-68.6077,-0.0166589,-5.89646,5.88881,-0.238458,-0.025996,0.000281921,4,0,41.455596075954126,-91.85668834307292,10033.32735381974,152.22876862128084,5.401125265856877,-2.611272636921385,176.78,10022.661867135384,12264.339701119052,150,True,3.3781637031689358,False,52.511019390461314,102.7571065126895,False,50.32810418543749,False,False
1,1970-07-23 10:27:54.862327634,2025-09-12,2025-09-26 14:31:26.232,AH,C,3535709808,JASSM,3,128,76,2,2,1,225,9,2,0,1,26,0,0,0,0,-157634.13513358062,-4790995.120088424,4198355.655729771,-2.30107,-0.149659,0.131443,92.125,-13.75,-12.25,0.0,0.0,0.0,0.0,0.0,0.0,2,0,41.40349364694119,-91.88447564994424,10997.374661350625,100.06083507802836,-0.0027861990801586,0.0026474139270584,,10022.661867135384,12264.339701119052,150,1,2025-09-12,2025-09-26 14:31:26.250,AH,C,1921716586,AMBUSH51,1,1,48,2,1,1,225,2,1,0,0,9,1,225,2,1,-155137.77246306528,-4787082.723694684,4202444.192579585,-2.8695,-0.983673,0.655385,50.0987,-72.6534,-69.3631,0.10699,-5.73299,5.6902,-0.0567597,-0.00993172,-0.00845658,4,0,41.45485175040103,-91.85616799917295,10053.870017597064,152.4945418050441,4.604943657623904,-10.296856723860104,176.609,10022.661867135384,12264.339701119052,150,False,3.334447877025685,False,52.195498339744965,102.53341502988427,False,50.37427486661248,False,False
1,1970-07-23 10:27:54.873347639,2025-09-12,2025-09-26 14:31:27.334,AH,C,3537022160,JASSM,3,128,76,2,2,1,225,9,2,0,1,26,0,0,0,0,-157532.78259451812,-4791010.408174361,4198342.104948521,-2.30107,-0.149563,0.131443,92.125,-13.75,-12.25,0.0,0.0,0.0,0.0,0.0,0.0,2,0,41.40333106685565,-91.88325887396267,10997.37448546876,100.05800690521212,-0.0059161004515672,0.0019270619066971,,10022.661867135384,12264.339701119052,150,1,2025-09-12,2025-09-26 14:31:27.351,AH,C,1923028886,AMBUSH51,1,1,48,2,1,1,225,2,1,0,0,9,1,225,2,1,-155081.0939454132,-4787162.206662168,4202366.4609782,-2.84445,-0.928283,0.674632,51.4902,-70.4212,-70.6014,-0.113458,-5.11388,5.08908,-0.00862302,-0.020058,-0.0339168,4,0,41.45386507767673,-91.85545954925011,10075.865133764511,150.76421622537862,2.492349985582294,-10.927306672794192,176.145,10022.661867135384,12264.339701119052,150,False,3.280015021415556,False,51.4080798018904,102.49374896388005,False,51.08747048193749,False,False
1,1970-07-23 10:27:54.884464670,2025-09-12,2025-09-26 14:31:28.446,AH,C,3538394162,JASSM,3,128,76,2,2,1,225,9,2,0,1,26,0,0,0,0,-157426.82263358062,-4791026.389619674,4198327.938932896,-2.30107,-0.149563,0.131443,92.125,-13.75,-12.25,0.0,0.0,0.0,0.0,0.0,0.0,2,0,41.403161097135,-91.8819867912448,10997.3778501925,100.05884820273349,-0.0049469243919652,0.001926350120494,,10022.661867135384,12264.339701119052,150,1,2025-09-12,2025-09-26 14:31:28.650,AH,C,1924579784,AMBUSH51,1,1,48,2,1,1,225,2,1,0,0,9,1,225,2,1,-155013.2748039261,-4787251.106186103,4202273.736333941,-2.8314,-0.907155,0.688686,53.1787,-67.8934,-71.8554,0.0783355,-5.48147,5.40049,0.0510214,-0.0223591,0.00120154,4,0,41.452723347623575,-91.85461428064612,10087.560977094068,150.31942464725824,1.3387365394589,-10.957468519247705,176.182,10022.661867135384,12264.339701119052,150,False,3.218795089985352,False,50.46583768017543,102.57296007546591,False,52.122234242662216,False,False
1,1970-07-23 10:27:54.895485043,2025-09-12,2025-09-26 14:31:29.548,AH,C,3539706514,JASSM,3,128,76,2,2,1,225,9,2,0,1,26,0,0,0,0,-157325.46911795562,-4791041.674775924,4198314.386198521,-2.30107,-0.149563,0.131443,92.125,-13.75,-12.25,0.0,0.0,0.0,0.0,0.0,0.0,2,0,41.40299849515546,-91.8807700171552,10997.37737802905,100.05965291898995,-0.0040198807320507,0.0019256610112197,,10022.661867135384,12264.339701119052,150,1,2025-09-12,2025-09-26 14:31:29.551,AH,C,1925653482,AMBUSH51,1,1,48,2,1,1,225,2,1,0,0,9,1,225,2,1,-154964.39399073538,-4787311.481202846,4202208.291613378,-2.77367,-0.881654,0.701865,54.3803,-66.0902,-73.1106,-0.149384,-5.5855,5.41396,0.0179732,-0.00409149,-0.0311912,4,0,41.45193182296425,-91.85400650192172,10089.916987332908,149.7088408615424,0.1331459875108786,-8.593572698959292,176.866,10022.661867135384,12264.339701119052,150,True,3.17346316343466,False,49.881944175211515,102.37550205990185,False,52.55982361379059,False,False
1,1970-07-23 10:27:54.906522752,2025-09-12,2025-09-26 14:31:30.652,AH,C,3541018876,JASSM,3,128,76,2,2,1,225,9,2,0,1,26,0,0,0,0,-157224.11560233062,-4791056.958955611,4198300.831511021,-2.30097,-0.149563,0.131443,92.125,-13.75,-12.25,0.0,0.0,0.0,0.0,0.0,0.0,2,0,41.40283587292953,-91.87955324951524,10997.375754530252,100.06045762838,-0.0030928360405062,0.0074164366336561,,10022.661867135384,12264.339701119052,150,1,2025-09-12,2025-09-26 14:31:30.685,AH,C,1927005548,AMBUSH51,1,1,48,2,1,1,225,2,1,0,0,9,1,225,2,1,-154902.5149794141,-4787384.581662824,4202125.302963184,-2.77783,-0.854698,0.7131,55.7986,-64.2902,-74.5147,0.00891571,-5.89175,5.72449,-0.0230665,-0.0101439,0.00133678,4,0,41.45094868640863,-91.8532384142826,10084.418067484265,149.01807865790482,-1.0121411374430709,-9.830173230785622,177.452,10022.661867135384,12264.339701119052,150,True,3.120253189917242,False,49.254844512456046,102.37443750510735,False,53.279250623911835,False,False
1,1970-07-23 10:27:54.918522868,2025-09-12,2025-09-26 14:31:31.852,AH,C,3542331218,JASSM,3,128,76,2,2,1,225,9,2,0,1,26,0,0,0,0,-157122.76306326812,-4791072.241182174,4198287.276823521,-2.30097,-0.149563,0.131443,92.125,-13.75,-12.25,0.0,0.0,0.0,0.0,0.0,0.0,2,0,41.40267324925974,-91.87833650037388,10997.374894392104,100.0612623229339,-0.0021658025002022,0.0074157497368461,,10022.661867135384,12264.339701119052,150,1,2025-09-12,2025-09-26 14:31:31.884,AH,C,1928437146,AMBUSH51,1,1,48,2,1,1,225,2,1,0,0,9,1,225,2,1,-154834.25054281845,-4787461.335973667,4202035.3649368165,-2.7959,-0.83622,0.720073,57.7278,-63.1386,-75.4041,-0.087688,-6.47312,6.12779,-0.0585698,-0.00694398,-0.0114089,4,0,41.44989814057031,-91.85239259641752,10072.30765505169,148.54017635888297,-1.764697355242211,-11.549548706384057,179.09,10022.661867135384,12264.339701119052,150,False,3.064633145882727,False,48.421661317763714,102.46241187588953,False,54.283155054025364,False,False
1,1970-07-23 10:27:54.928303328,2025-09-12,2025-09-26 14:31:32.830,AH,C,3543524264,JASSM,3,128,76,2,2,1,225,9,2,0,1,26,0,0,0,0,-157030.62536795562,-4791086.133760299,4198274.952604771,-2.30097,-0.149563,0.131539,92.125,-13.75,-12.25,0.0,0.0,0.0,0.0,0.0,0.0,2,0,41.40252538832746,-91.87723038186094,10997.374227760063,100.06608611162352,-0.0049875320634255,0.0074148884248742,,10022.661867135384,12264.339701119052,150,1,2025-09-12,2025-09-26 14:31:32.750,AH,C,1929471078,AMBUSH51,1,1,48,2,1,1,225,2,1,0,0,9,1,225,2,1,-154782.7491791598,-4787516.500236935,4201969.244708816,-2.82479,-0.809876,0.714414,59.4799,-62.5388,-75.5476,-0.0410285,-6.82535,6.50749,-0.0408639,0.000687637,-0.0241193,4,0,41.44913357722245,-91.85175555562834,10060.200207338572,147.4025285199952,-2.0882937711688525,-14.158594954932674,179.958,10022.661867135384,12264.339701119052,150,False,3.022384587068801,False,47.60913944867272,102.35824490383798,False,55.03036620995767,False,False
1,1970-07-23 10:27:54.939323427,2025-09-12,2025-09-26 14:31:33.932,AH,C,3544896266,JASSM,3,128,76,2,2,1,225,9,2,0,1,26,0,0,0,0,-156924.66345389312,-4791102.108369674,4198260.780729771,-2.30097,-0.149563,0.131539,92.125,-13.75,-12.25,0.0,0.0,0.0,0.0,0.0,0.0,2,0,41.40235535342909,-91.87595830991602,10997.376336493826,100.06692738858528,-0.0040183408284283,0.0074142497819287,,10022.661867135384,12264.339701119052,150,1,2025-09-12,2025-09-26 14:31:33.783,AH,C,1930703844,AMBUSH51,1,1,48,2,1,1,225,2,1,0,0,9,1,225,2,1,-154719.79011854253,-4787581.003945561,4201891.1980444,-2.81485,-0.78084,0.708096,61.8635,-62.1813,-75.2776,-0.14566,-7.04316,6.78594,0.0140492,0.00394169,-0.032011,4,0,41.44823515396665,-91.8509779425898,10044.24202238433,146.14685528121686,-2.466320173882295,-14.625533703948898,181.363,10022.661867135384,12264.339701119052,150,False,2.973510148029729,False,46.48977306717553,102.27924445906564,False,56.083607869937985,False,False
1,1970-07-23 10:27:54.952165530,2025-09-12,2025-09-26 14:31:35.216,AH,C,3546208618,JASSM,3,128,76,2,2,1,225,9,2,0,1,26,0,0,0,0,-156823.30993826812,-4791117.387666549,4198247.222136021,-2.30097,-0.149563,0.131539,92.125,-13.75,-12.25,0.0,0.0,0.0,0.0,0.0,0.0,2,0,41.4021926829808,-91.87474156818304,10997.37593184821,100.06773207059256,-0.0030912978656392,0.0074136217144973,,10022.661867135384,12264.339701119052,150,1,2025-09-12,2025-09-26 14:31:35.350,AH,C,1932572876,AMBUSH51,1,1,48,2,1,1,225,2,1,0,0,9,1,225,2,1,-154619.57104409407,-4787677.313196,4201773.852746034,-2.71696,-0.744993,0.683539,65.4706,-61.5762,-74.5983,-0.0703025,-7.53975,7.11534,0.0673686,0.00397914,-0.0164461,4,0,41.446889418104725,-91.84974262840812,10018.164707472768,144.05252798492057,-2.178494847180888,-10.248623895604682,182.878,10022.661867135384,12264.339701119052,150,False,2.908243518080532,False,44.75840399621523,102.82134653548462,False,58.366535062615604,False,False
1,1970-07-23 10:27:54.962993573,2025-09-12,2025-09-26 14:31:36.299,AH,C,3547520968,JASSM,3,128,76,2,2,1,225,9,2,0,1,26,0,0,0,0,-156721.95739920562,-4791132.665010299,4198233.663542271,-2.30097,-0.149467,0.131539,92.125,-13.75,-12.25,0.0,0.0,0.0,0.0,0.0,0.0,2,0,41.40203001108963,-91.87352484494828,10997.376290282136,100.06490393960368,-0.0062211986415427,0.0066927844027023,,10022.661867135384,12264.339701119052,150,1,2025-09-12,2025-09-26 14:31:36.117,AH,C,1933487508,AMBUSH51,1,1,48,2,1,1,225,2,1,0,0,9,1,225,2,1,-154568.8231108468,-4787724.559535455,4201716.809030738,-2.66774,-0.73993,0.671837,66.7673,-62.0247,-73.9138,-0.221988,-7.6967,7.59466,0.0503494,0.00470943,-0.0172929,4,0,41.44623306302098,-91.84911770799108,10006.386695997297,143.48542037914348,-1.7546579479476654,-7.590597137153742,183.978,10022.661867135384,12264.339701119052,150,True,2.8706561257021783,False,44.15316577610352,102.55816025036371,False,58.66645096455561,False,False
1,1970-07-23 10:27:54.971529468,2025-09-12,2025-09-26 14:31:37.152,AH,C,3548773666,JASSM,3,128,76,2,2,1,225,9,2,0,1,26,0,0,0,0,-156625.21032889312,-4791147.248018111,4198220.718229771,-2.30097,-0.149467,0.131539,92.125,-13.75,-12.25,0.0,0.0,0.0,0.0,0.0,0.0,2,0,41.40187470075052,-91.87236341544308,10997.375303477393,100.06567203646902,-0.0053362881015311,0.0066921198665471,,10022.661867135384,12264.339701119052,150,1,2025-09-12,2025-09-26 14:31:37.217,AH,C,1934799806,AMBUSH51,1,1,48,2,1,1,225,2,1,0,0,9,1,225,2,1,-154494.69925062775,-4787792.381228755,4201636.393035689,-2.61889,-0.737473,0.658625,68.2571,-62.7229,-73.1199,-0.193785,-7.92091,7.51047,0.039214,0.00765763,-0.00660069,4,0,41.445301023858896,-91.8482054111472,9992.57722585273,142.9631155696358,-1.1948868917730495,-4.86513892165273,184.858,10022.661867135384,12264.339701119052,150,True,2.823319742854602,False,43.4966576400429,102.70812415236004,False,59.42038779886531,False,False
1,1970-07-23 10:27:54.983284488,2025-09-12,2025-09-26 14:31:38.328,AH,C,3550086018,JASSM,3,128,76,2,2,1,225,9,2,0,1,26,0,0,0,0,-156523.85778983062,-4791162.523408736,4198207.157682896,-2.30097,-0.149467,0.131539,92.125,-13.75,-12.25,0.0,0.0,0.0,0.0,0.0,0.0,2,0,41.40171200213732,-91.87114670483388,10997.377347434123,100.06647669025531,-0.0044092565695234,0.0066914408554485,,10022.661867135384,12264.339701119052,150,1,2025-09-12,2025-09-26 14:31:38.350,AH,C,1936151872,AMBUSH51,1,1,48,2,1,1,225,2,1,0,0,9,1,225,2,1,-154416.74214647844,-4787863.551190141,4201554.238179229,-2.58631,-0.738142,0.644277,69.1944,-63.5079,-72.3317,-0.18656,-7.82635,7.50972,0.0270238,0.00721654,-0.0111426,4,0,41.44433804700655,-91.84724602395391,9982.926498760206,142.5195827210941,-0.5012654187387567,-2.969103362459389,185.542,10022.661867135384,12264.339701119052,150,True,2.7745584803145285,False,43.085063787860534,102.86756983330181,False,59.94197891225385,False,False
1,1970-07-23 10:27:54.994283373,2025-09-12,2025-09-26 14:31:39.428,AH,C,3551398370,JASSM,3,128,76,2,2,1,225,9,2,0,1,26,0,0,0,0,-156422.50427420562,-4791177.796846236,4198193.595182896,-2.30097,-0.149467,0.131539,92.125,-13.75,-12.25,0.0,0.0,0.0,0.0,0.0,0.0,2,0,41.40154928927738,-91.86992998939068,10997.375759550472,100.06728134463587,-0.0034822167178006,0.0066907618692705,,10022.661867135384,12264.339701119052,150,1,2025-09-12,2025-09-26 14:31:39.450,AH,C,1937464170,AMBUSH51,1,1,48,2,1,1,225,2,1,0,0,9,1,225,2,1,-154339.72252094455,-4787934.042713568,4201474.532239009,-2.56872,-0.740165,0.637915,69.7711,-64.4055,-71.6663,-0.269402,-7.6897,7.17801,-0.00440566,0.0049591,0.00123691,4,0,41.44339544125709,-91.84629813256116,9977.009480190594,142.3887585481998,-0.1476431327876205,-1.8911407266178804,185.909,10022.661867135384,12264.339701119052,150,True,2.726744128460085,False,42.869394497948576,103.01280907341227,False,60.25982987431447,False,False
1,1970-07-23 10:27:55.005325171,2025-09-12,2025-09-26 14:31:40.532,AH,C,3552710720,JASSM,3,128,76,2,2,1,225,9,2,0,1,26,0,0,0,0,-156321.15075858062,-4791193.070283736,4198180.030729771,-2.30097,-0.149467,0.131539,92.125,-13.75,-12.25,0.0,0.0,0.0,0.0,0.0,0.0,2,0,41.40138655036304,-91.86871328001772,10997.375422331024,100.06808599239965,-0.0025551745350695,0.0066900698525828,,10022.661867135384,12264.339701119052,150,1,2025-09-12,2025-09-26 14:31:40.483,AH,C,1938696936,AMBUSH51,1,1,48,2,1,1,225,2,1,0,0,9,1,225,2,1,-154267.81070321455,-4787999.941463795,4201401.046928352,-2.56604,-0.740539,0.635138,69.9977,-64.7749,-71.1303,-0.185626,-7.69232,6.66918,0.0246249,0.00493413,-0.00452633,4,0,41.4425211565944,-91.84541309633994,9973.724319342591,142.31290437803918,-0.0059135864650443,-1.7245458307083752,185.982,10022.661867135384,12264.339701119052,150,True,2.6816131875263425,False,42.72934047342905,103.07338353805777,False,60.440322021126256,False,False
1,1970-07-23 10:27:55.016344192,2025-09-12,2025-09-26 14:31:41.634,AH,C,3554023072,JASSM,3,128,76,2,2,1,225,9,2,0,1,26,0,0,0,0,-156219.79724295562,-4791208.341768111,4198166.466276646,-2.30097,-0.149467,0.131539,92.125,-13.75,-12.25,0.0,0.0,0.0,0.0,0.0,0.0,2,0,41.4012238101964,-91.86749657747676,10997.375769532857,100.06889063304136,-0.0016281349192466,0.0066893891256143,,10022.661867135384,12264.339701119052,150,1,2025-09-12,2025-09-26 14:31:41.617,AH,C,1940049000,AMBUSH51,1,1,48,2,1,1,225,2,1,0,0,9,1,225,2,1,-154188.46881163193,-4788072.652159491,4201320.655014372,-2.54128,-0.736364,0.629949,69.9595,-64.6134,-70.7993,-0.186922,-7.39301,6.39978,0.0347449,0.00479681,-0.00697519,4,0,41.44156114028747,-91.84443664242492,9971.606098503844,141.9855248790289,0.1295075266217304,-0.4474922610534765,185.506,10022.661867135384,12264.339701119052,150,True,2.63337318549811,False,42.64240202396869,103.26226409132676,False,60.71604218038527,False,False
1,1970-07-23 10:27:55.026486124,2025-09-12,2025-09-26 14:31:42.648,AH,C,3555335422,JASSM,3,128,76,2,2,1,225,9,2,0,1,26,0,0,0,0,-156118.44372733062,-4791223.611299361,4198152.901823521,-2.30097,-0.149467,0.131635,92.125,-13.75,-12.25,0.0,0.0,0.0,0.0,0.0,0.0,2,0,41.401061068777615,-91.8662798817674,10997.376801119306,100.07378757474858,-0.0043655263793953,0.0066885387484607,,10022.661867135384,12264.339701119052,150,1,2025-09-12,2025-09-26 14:31:42.730,AH,C,1941361300,AMBUSH51,1,1,48,2,1,1,225,2,1,0,0,9,1,225,2,1,-154111.0958913684,-4788143.531699911,4201242.3540253285,-2.52373,-0.740008,0.630384,69.7007,-64.6119,-70.5692,-0.244143,-7.5789,6.4186,-0.00703761,-0.000358903,0.0135374,4,0,41.44062574588685,-91.84348445829184,9969.691870284529,142.1389212387072,0.2064112172438993,0.6815476786637776,185.017,10022.661867135384,12264.339701119052,150,True,2.586085843623324,False,42.692602427143946,103.42297895736321,False,60.82477373351526,False,False
1,1970-07-23 10:27:55.048526217,2025-09-12,2025-09-26 14:31:44.852,AH,C,3557960126,JASSM,3,128,76,2,2,1,225,9,2,0,1,26,0,0,0,0,-155915.73571951812,-4791254.148408736,4198125.765104771,-2.30097,-0.149371,0.131635,92.125,-13.75,-12.25,0.0,0.0,0.0,0.0,0.0,0.0,2,0,41.40073550640048,-91.86384649765742,10997.373496454877,100.0717641285621,-0.0065683640347328,0.0059665743703285,,10022.661867135384,12264.339701119052,150,1,2025-09-12,2025-09-26 14:31:44.984,AH,C,1944065430,AMBUSH51,1,1,48,2,1,1,225,2,1,0,0,9,1,225,2,1,-153954.12297795407,-4788287.630362181,4201083.281011647,-2.61664,-0.73418,0.634258,69.6036,-63.6942,-70.3161,-0.103898,-7.34313,6.13283,-0.0530833,-0.00231882,-0.00381269,4,0,41.43872475970619,-91.8415526511253,9966.099729125464,142.04576606239888,-0.1272165294277077,-4.839296509196188,183.893,10022.661867135384,12264.339701119052,150,True,2.4904200506980585,False,42.50753612411866,103.80530903183234,False,61.41969850268259,False,False
1,1970-07-23 10:27:55.051364855,2025-09-12,2025-09-26 14:31:45.136,AH,C,3556647774,JASSM,3,128,76,2,2,1,225,9,2,0,1,26,0,0,0,0,-156017.08923514312,-4791238.880830611,4198139.333464146,-2.30097,-0.149467,0.131635,92.125,-13.75,-12.25,0.0,0.0,0.0,0.0,0.0,0.0,2,0,41.40089828830966,-91.86506318046364,10997.374767468846,100.0745922094052,-0.0034384760637684,0.0066879112297771,,10022.661867135384,12264.339701119052,150,1,2025-09-12,2025-09-26 14:31:44.984,AH,C,1944065430,AMBUSH51,1,1,48,2,1,1,225,2,1,0,0,9,1,225,2,1,-153954.12297795407,-4788287.630362181,4201083.281011647,-2.61664,-0.73418,0.634258,69.6036,-63.6942,-70.3161,-0.103898,-7.34313,6.13283,-0.0530833,-0.00231882,-0.00381269,4,0,41.43872475970619,-91.8415526511253,9966.099729125464,142.04576606239888,-0.1272165294277077,-4.839296509196188,183.893,10022.661867135384,12264.339701119052,150,True,2.5041246331464526,False,42.50753612411866,105.04273929182631,False,62.65504493982688,False,False
1,1970-07-23 10:27:55.060522068,2025-09-12,2025-09-26 14:31:46.052,AH,C,3559332130,JASSM,3,128,76,2,2,1,225,9,2,0,1,26,0,0,0,0,-155809.77478201812,-4791270.109346236,4198111.579557896,-2.30097,-0.149371,0.131635,92.125,-13.75,-12.25,0.0,0.0,0.0,0.0,0.0,0.0,2,0,41.40056531233932,-91.8625745125189,10997.37550875336,100.07260531833272,-0.005599183139121,0.0059658682724611,,10022.661867135384,12264.339701119052,150,1,2025-09-12,2025-09-26 14:31:46.185,AH,C,1945497028,AMBUSH51,1,1,48,2,1,1,225,2,1,0,0,9,1,225,2,1,-153869.7718356895,-4788363.366656204,4200998.943568551,-2.64693,-0.723661,0.630678,70.2796,-62.5208,-70.0334,-0.115704,-7.25189,5.98124,-0.0146068,-0.00571851,-0.0166916,4,0,41.43772103651259,-91.8405152710638,9962.493484041936,141.5307967457369,-0.237586357241922,-6.929724014342882,183.367,10022.661867135384,12264.339701119052,150,True,2.4404164544333864,False,41.96474782833999,104.04924078280266,False,62.241020720002936,False,False
1,1970-07-23 10:27:55.072282604,2025-09-12,2025-09-26 14:31:47.228,AH,C,3560704122,JASSM,3,128,76,2,2,1,225,9,2,0,1,26,0,0,0,0,-155703.81482108062,-4791286.068330611,4198097.394011021,-2.30097,-0.149371,0.131635,92.125,-13.75,-12.25,0.0,0.0,0.0,0.0,0.0,0.0,2,0,41.40039511564108,-91.86130254644232,10997.378793752465,100.07344649265038,-0.0046300133898744,0.0059651717432908,,10022.661867135384,12264.339701119052,150,1,2025-09-12,2025-09-26 14:31:47.083,AH,C,1946570728,AMBUSH51,1,1,48,2,1,1,225,2,1,0,0,9,1,225,2,1,-153806.46772436926,-4788418.656361636,4200937.027636999,-2.65769,-0.712656,0.625688,70.9989,-62.064,-69.3549,-0.185253,-7.36171,6.34345,-0.0149064,0.00768884,-0.00981104,4,0,41.43698627085045,-91.83973735033167,9958.977352373906,140.94990997713953,-0.2997429193995005,-7.913913754496342,183.245,10022.661867135384,12264.339701119052,150,True,2.4004363786060328,False,41.44368377327614,103.89142264733883,False,62.60375219197656,False,False
1,1970-07-23 10:27:55.082511468,2025-09-12,2025-09-26 14:31:48.251,AH,C,3561956830,JASSM,3,128,76,2,2,1,225,9,2,0,1,26,0,0,0,0,-155607.06775076812,-4791300.637666549,4198084.438932896,-2.30097,-0.149371,0.131635,92.125,-13.75,-12.25,0.0,0.0,0.0,0.0,0.0,0.0,2,0,41.40023969729712,-91.8601411804772,10997.375618058491,100.0742145226161,-0.0037451092162536,0.0059645283000609,,10022.661867135384,12264.339701119052,150,1,2025-09-12,2025-09-26 14:31:48.350,AH,C,1948081858,AMBUSH51,1,1,48,2,1,1,225,2,1,0,0,9,1,225,2,1,-153715.44733980368,-4788496.83884671,4200849.243510957,-2.66333,-0.69866,0.619077,72.0964,-60.9987,-68.7298,-0.127579,-7.49424,6.30728,-0.0134146,0.00445767,-0.0175425,4,0,41.435945988424656,-91.8386193693004,9953.392832684714,140.20069889620726,-0.3732262833084108,-8.700266588378089,182.829,10022.661867135384,12264.339701119052,150,True,2.3511717386022104,False,40.67272801111641,104.36829518723296,False,63.87535088916267,False,False
1,1970-07-23 10:27:55.093342482,2025-09-12,2025-09-26 14:31:49.334,AH,C,3563209530,JASSM,3,128,76,2,2,1,225,9,2,0,1,26,0,0,0,0,-155510.32263358062,-4791315.207002486,4198071.483854771,-2.30097,-0.149371,0.131635,92.125,-13.75,-12.25,0.0,0.0,0.0,0.0,0.0,0.0,2,0,41.40008426685021,-91.85897984337736,10997.377599099003,100.07498253111996,-0.0028602221838771,0.0059638813790145,,10022.661867135384,12264.339701119052,150,1,2025-09-12,2025-09-26 14:31:49.316,AH,C,1949235092,AMBUSH51,1,1,48,2,1,1,225,2,1,0,0,9,1,225,2,1,-153645.6344089449,-4788554.843279762,4200784.023989715,-2.62065,-0.686921,0.611392,72.9851,-60.3061,-67.985,-0.108502,-7.47628,6.16619,0.0574234,0.000829117,-0.0118646,4,0,41.43517400280395,-91.83776265038703,9948.878088041069,139.49794177876916,-0.3424690239937072,-6.6386060066778665,182.512,10022.661867135384,12264.339701119052,150,True,2.3118180928136733,False,40.02131782669027,104.43412432796296,False,64.59876079386005,False,False
1,1970-07-23 10:27:55.114503980,2025-09-12,2025-09-26 14:31:51.450,AH,C,3565774698,JASSM,3,128,76,2,2,1,225,9,2,0,1,26,0,0,0,0,-155312.21032889312,-4791345.036104049,4198044.950651646,-2.30097,-0.149371,0.131635,92.125,-13.75,-12.25,0.0,0.0,0.0,0.0,0.0,0.0,2,0,41.3997659493237,-91.85660170488244,10997.374495814753,100.07655522003748,-0.0010481745249572,0.005962561876756,,10022.661867135384,12264.339701119052,150,1,2025-09-12,2025-09-26 14:31:51.417,AH,C,1951740388,AMBUSH51,1,1,48,2,1,1,225,2,1,0,0,9,1,225,2,1,-153490.63828794536,-4788680.48440836,4200642.191704156,-2.54049,-0.674937,0.605358,73.8894,-59.5163,-67.001,-0.238389,-7.51125,6.27451,0.0271154,-0.00252896,-0.00785528,4,0,41.43349873467319,-91.83586186786022,9937.601299694235,138.84080313879343,-0.3995752558200734,-2.4337970001887688,181.73,10022.661867135384,12264.339701119052,150,True,2.228843285233301,False,39.283606077772816,104.79012500752205,False,65.70179601404188,False,False
1,1970-07-23 10:27:55.125522666,2025-09-12,2025-09-26 14:31:52.552,AH,C,3567086930,JASSM,3,128,76,2,2,1,225,9,2,0,1,26,0,0,0,0,-155210.86560233062,-4791360.293916549,4198031.376432896,-2.30097,-0.149371,0.131731,92.125,-13.75,-12.25,0.0,0.0,0.0,0.0,0.0,0.0,2,0,41.39960309475583,-91.8553851730934,10997.375361397835,100.08145207659568,-0.0037855950978662,0.0059617475926293,,10022.661867135384,12264.339701119052,150,1,2025-09-12,2025-09-26 14:31:52.424,AH,C,1952933388,AMBUSH51,1,1,48,2,1,1,225,2,1,0,0,9,1,225,2,1,-153417.18385938386,-4788739.276372176,4200575.938187875,-2.53784,-0.670417,0.60114,74.0294,-59.1932,-66.7662,-0.0507471,-7.45986,6.23735,-0.0130901,-0.000115473,0.00543763,4,0,41.43271575708636,-91.8349613862726,9932.511507855184,138.52568351451896,-0.3335968211012958,-2.4268264838596174,181.4,10022.661867135384,12264.339701119052,150,True,2.1891014597211202,False,39.109244486464014,104.85708444588313,False,65.95455426654539,False,False
1,1970-07-23 10:27:55.136282956,2025-09-12,2025-09-26 14:31:53.628,AH,C,3568399282,JASSM,3,128,76,2,2,1,225,9,2,0,1,26,0,0,0,0,-155109.51208670562,-4791375.551729049,4198017.800261021,-2.30097,-0.149276,0.131731,92.125,-13.75,-12.25,0.0,0.0,0.0,0.0,0.0,0.0,2,0,41.39944021582957,-91.8541685423883,10997.376776956253,100.07862403823069,-0.0069154811268339,0.00523992245427,,10022.661867135384,12264.339701119052,150,1,2025-09-12,2025-09-26 14:31:53.749,AH,C,1954524052,AMBUSH51,1,1,48,2,1,1,225,2,1,0,0,9,1,225,2,1,-153317.87684152048,-4788818.054723457,4200487.184102306,-2.57513,-0.671674,0.593187,74.3088,-58.8089,-66.1357,-0.107183,-7.78436,6.60507,-0.0331116,0.00981937,-0.0117522,4,0,41.43166691269561,-91.83374428022309,9925.681303996378,138.2998234423091,0.0675348575756263,-4.522379226164484,181.314,10022.661867135384,12264.339701119052,150,True,2.140983528926103,False,38.770450463978605,105.45065358497232,False,66.88792205139367,False,False
1,1970-07-23 10:27:55.147306036,2025-09-12,2025-09-26 14:31:54.730,AH,C,3569711632,JASSM,3,128,76,2,2,1,225,9,2,0,1,26,0,0,0,0,-155008.15759451812,-4791390.808564986,4198004.222136021,-2.30097,-0.149276,0.131731,92.125,-13.75,-12.25,0.0,0.0,0.0,0.0,0.0,0.0,2,0,41.39927731684704,-91.85295190647088,10997.376963489658,100.07942860386048,-0.0059884358996648,0.0052392519038559,,10022.661867135384,12264.339701119052,150,1,2025-09-12,2025-09-26 14:31:54.616,AH,C,1955557984,AMBUSH51,1,1,48,2,1,1,225,2,1,0,0,9,1,225,2,1,-153253.45190045153,-4788869.070553165,4200430.198954438,-2.58423,-0.664737,0.58904,74.6222,-58.7972,-65.4858,-0.134178,-7.63205,6.35898,0.00242077,0.00334039,-0.00571643,4,0,41.43099102130305,-91.83295474406792,9922.3212766114,137.89381053856036,0.0589448690831107,-5.2661609202464845,180.776,10022.661867135384,12264.339701119052,150,True,2.1049372025891038,False,38.48670784286948,105.33523988904452,False,67.03970575233402,False,False
1,1970-07-23 10:27:55.158323639,2025-09-12,2025-09-26 14:31:55.832,AH,C,3571023984,JASSM,3,128,76,2,2,1,225,9,2,0,1,26,0,0,0,0,-154906.80407889312,-4791406.063447799,4197990.642057896,-2.30097,-0.149276,0.131731,92.125,-13.75,-12.25,0.0,0.0,0.0,0.0,0.0,0.0,2,0,41.39911440324107,-91.85173528904988,10997.373674414494,100.08023315465329,-0.0050613995118476,0.0052385779455059,,10022.661867135384,12264.339701119052,150,1,2025-09-12,2025-09-26 14:31:55.882,AH,C,1957069116,AMBUSH51,1,1,48,2,1,1,225,2,1,0,0,9,1,225,2,1,-153158.9454933445,-4788942.640472736,4200348.304288635,-2.55303,-0.656521,0.578781,75.1818,-58.4004,-64.6598,-0.331339,-7.79931,6.72163,0.0480836,0.0163275,-0.00955513,4,0,41.43001852647544,-91.8317970688123,9917.974788229429,137.2258096916312,0.2894959588192182,-3.7398024323891206,180.239,10022.661867135384,12264.339701119052,150,True,2.0599750873313054,False,37.986914576519155,105.84178204108179,False,68.0396399551576,False,False
1,1970-07-23 10:27:55.168465161,2025-09-12,2025-09-26 14:31:56.846,AH,C,3572276890,JASSM,3,128,76,2,2,1,225,9,2,0,1,26,0,0,0,0,-154810.04040701812,-4791420.626924361,4197977.677214146,-2.30097,-0.149276,0.131731,92.125,-13.75,-12.25,0.0,0.0,0.0,0.0,0.0,0.0,2,0,41.39895886042252,-91.85057377264084,10997.374776164856,100.08100126463827,-0.0041763454687119,0.0052379395242166,,10022.661867135384,12264.339701119052,150,1,2025-09-12,2025-09-26 14:31:56.851,AH,C,1958222348,AMBUSH51,1,1,48,2,1,1,225,2,1,0,0,9,1,225,2,1,-153086.1361535738,-4788999.482890919,4200285.590604888,-2.40474,-0.656401,0.571241,74.8672,-58.5063,-64.3745,-0.391054,-7.76782,6.5553,0.151319,0.00461996,-0.00758273,4,0,41.42927088181419,-91.830905137149,9915.857635759485,136.95904939682242,0.6298579641797354,4.75052911764447,179.75,10022.661867135384,12264.339701119052,150,True,2.0227174994758275,False,38.05544397513026,105.96748798143459,False,68.08959290152264,False,False
1,1970-07-23 10:27:55.179482510,2025-09-12,2025-09-26 14:31:57.948,AH,C,3573529382,JASSM,3,128,76,2,2,1,225,9,2,0,1,26,0,0,0,0,-154713.30993826812,-4791435.183564986,4197964.716276646,-2.30097,-0.149276,0.131731,92.125,-13.75,-12.25,0.0,0.0,0.0,0.0,0.0,0.0,2,0,41.39880336652831,-91.8494126610358,10997.37517783134,100.08176910455228,-0.0032915968932843,0.0052373083462874,,10022.661867135384,12264.339701119052,150,1,2025-09-12,2025-09-26 14:31:57.950,AH,C,1959534646,AMBUSH51,1,1,48,2,1,1,225,2,1,0,0,9,1,225,2,1,-153004.81300058932,-4789063.512232648,4200215.0342368325,-2.30277,-0.674715,0.579719,73.5258,-59.0503,-64.906,-0.259401,-7.7811,6.73406,0.0741597,-0.00490916,0.03751,4,0,41.428429152075374,-91.82990872697924,9913.722779784872,137.95469154001464,0.7759166771820952,11.176023852589791,178.919,10022.661867135384,12264.339701119052,150,False,1.9824851404974506,False,38.811021577500114,106.2914966151257,False,67.66435335075597,False,False
1,1970-07-23 10:27:55.189522232,2025-09-12,2025-09-26 14:31:58.952,AH,C,3574782080,JASSM,3,128,76,2,2,1,225,9,2,0,1,26,0,0,0,0,-154616.56286795562,-4791449.742158736,4197951.751432896,-2.30097,-0.149276,0.131731,92.125,-13.75,-12.25,0.0,0.0,0.0,0.0,0.0,0.0,2,0,41.39864782611317,-91.84825135589972,10997.375590033258,100.082537070074,-0.002406695182702,0.0052366690023756,,10022.661867135384,12264.339701119052,150,1,2025-09-12,2025-09-26 14:31:58.983,AH,C,1960767412,AMBUSH51,1,1,48,2,1,1,225,2,1,0,0,9,1,225,2,1,-152929.21371375298,-4789125.27840961,4200147.394163282,-2.2699,-0.706931,0.596489,71.4883,-60.0983,-65.4051,-0.271992,-7.70056,6.6119,0.0434231,0.00859598,0.00961755,4,0,41.42761947438854,-91.82898161504473,9912.811769668677,139.7618241015702,0.913753124997792,14.110293393326204,178.626,10022.661867135384,12264.339701119052,150,False,1.9426440686229711,False,39.935517012572106,106.52127848953789,False,66.75687761226796,False,False
1,1970-07-23 10:27:55.200279743,2025-09-12,2025-09-26 14:32:00.027,AH,C,3576034778,JASSM,3,128,76,2,2,1,225,9,2,0,1,26,0,0,0,0,-154519.81482108062,-4791464.299775924,4197938.786589146,-2.30097,-0.149276,0.131731,92.125,-13.75,-12.25,0.0,0.0,0.0,0.0,0.0,0.0,2,0,41.398492279969496,-91.84709004501237,10997.378523424466,100.083305037024,-0.0015217861605437,0.0052360369995147,,10022.661867135384,12264.339701119052,150,1,2025-09-12,2025-09-26 14:31:59.916,AH,C,1961880878,AMBUSH51,1,1,48,2,1,1,225,2,1,0,0,9,1,225,2,1,-152863.6023360228,-4789181.110716679,4200086.155469435,-2.25944,-0.723816,0.605552,69.4618,-60.7838,-66.3677,-0.261097,-7.67819,6.54625,0.00757232,0.00557495,0.017064,4,0,41.42688640490891,-91.8281761591207,9911.998262114515,140.71359558573624,0.9561786299327152,15.272532453860237,177.868,10022.661867135384,12264.339701119052,150,False,1.9044885210027878,False,41.1035067725333,106.55190317339812,False,65.63657750090466,False,False
1,1970-07-23 10:27:55.210320672,2025-09-12,2025-09-26 14:32:01.032,AH,C,3577228106,JASSM,3,128,76,2,2,1,225,9,2,0,1,26,0,0,0,0,-154427.65368826812,-4791478.165986861,4197926.433073521,-2.30097,-0.149276,0.131731,92.125,-13.75,-12.25,0.0,0.0,0.0,0.0,0.0,0.0,2,0,41.39834408214712,-91.84598379856348,10997.375715242371,100.08403658802894,-0.0006788291249927,0.0052354197337086,,10022.661867135384,12264.339701119052,150,1,2025-09-12,2025-09-26 14:32:01.016,AH,C,1963193176,AMBUSH51,1,1,48,2,1,1,225,2,1,0,0,9,1,225,2,1,-152789.17188420394,-4789247.724670069,4200012.73549334,-2.21417,-0.755099,0.623811,66.6721,-61.6263,-67.8139,-0.252028,-7.80902,6.55603,0.0709701,0.0124243,0.0197729,4,0,41.426008635578114,-91.82726121122649,9910.565277156516,142.51380379521606,0.9321058766697604,18.92918298750702,177.526,10022.661867135384,12264.339701119052,150,False,1.8615207321846596,False,42.730418873382106,106.91181631044165,False,64.40172023111343,False,False
1,1970-07-23 10:27:55.221342713,2025-09-12,2025-09-26 14:32:02.134,AH,C,3578540172,JASSM,3,128,76,2,2,1,225,9,2,0,1,26,0,0,0,0,-154326.32068045562,-4791493.410127486,4197912.851042271,-2.30097,-0.14918,0.131826,92.125,-13.75,-12.25,0.0,0.0,0.0,0.0,0.0,0.0,2,0,41.398181141622935,-91.84476746506355,10997.374824469578,100.08530083182578,-0.0074732256170604,0.0045129399388264,,10022.661867135384,12264.339701119052,150,1,2025-09-12,2025-09-26 14:32:02.120,AH,C,1964505476,AMBUSH51,1,1,48,2,1,1,225,2,1,0,0,9,1,225,2,1,-152717.40844718504,-4789316.429639853,4199936.460763527,-2.19479,-0.792037,0.644534,63.1493,-62.6194,-69.5423,-0.250778,-7.94991,6.66833,-0.0129902,0.0104498,0.0403895,4,0,41.42509864346976,-91.8263773647596,9908.2937605743,144.5916479029182,0.886561917269139,21.32673621991375,176.903,10022.661867135384,12264.339701119052,150,False,1.8147932485900766,False,44.763788436658864,107.12536833671251,False,62.624777335912015,False,False
1,1970-07-23 10:27:55.231598278,2025-09-12,2025-09-26 14:32:03.159,AH,C,3579792876,JASSM,3,128,76,2,2,1,225,9,2,0,1,26,0,0,0,0,-154229.57361014312,-4791507.963838424,4197899.882292271,-2.30097,-0.14918,0.131826,92.125,-13.75,-12.25,0.0,0.0,0.0,0.0,0.0,0.0,2,0,41.39802555698387,-91.84360618396062,10997.374754204831,100.08606877203954,-0.0065883256623186,0.0045123099032201,,10022.661867135384,12264.339701119052,150,1,2025-09-12,2025-09-26 14:32:03.216,AH,C,1965817774,AMBUSH51,1,1,48,2,1,1,225,2,1,0,0,9,1,225,2,1,-152649.84715320746,-4789385.829951109,4199859.13485447,-2.24377,-0.83869,0.6657,59.4981,-63.9198,-71.0591,-0.167234,-8.15453,7.02724,-0.0136435,0.019311,0.0389706,4,0,41.42417661523485,-91.82554349746415,9905.78756643476,147.03237733262876,0.9863916843465426,20.189105719385445,176.56,10022.661867135384,12264.339701119052,150,False,1.7671655010857614,False,46.872894016165404,107.37369583408908,False,60.78913865126685,False,False
1,1970-07-23 10:27:55.252524335,2025-09-12,2025-09-26 14:32:05.252,AH,C,3582178968,JASSM,3,128,76,2,2,1,225,9,2,0,1,26,0,0,0,0,-154045.29236014312,-4791535.682588424,4197875.177214146,-2.30097,-0.14918,0.131826,92.125,-13.75,-12.25,0.0,0.0,0.0,0.0,0.0,0.0,2,0,41.39772917035192,-91.84139422294813,10997.37610896756,100.0875315067533,-0.0049027923272707,0.0045111088651294,,10022.661867135384,12264.339701119052,150,1,2025-09-12,2025-09-26 14:32:05.084,AH,C,1968044704,AMBUSH51,1,1,48,2,1,1,225,2,1,0,0,9,1,225,2,1,-152545.6204463477,-4789506.433191915,4199725.086197859,-2.32885,-0.906231,0.692396,53.2802,-65.865,-73.0534,-0.162644,-7.93715,6.78052,-0.0490573,0.00697936,0.0260168,4,0,41.42257402019748,-91.82425198399874,9903.194477748197,150.40610121581562,1.1701905104716903,17.809484144125395,175.546,10022.661867135384,12264.339701119052,150,False,1.678522150264803,False,50.3290924282605,107.33757406869512,False,57.336284505927395,False,False
1,1970-07-23 10:27:55.262342986,2025-09-12,2025-09-26 14:32:06.234,AH,C,3583431668,JASSM,3,128,76,2,2,1,225,9,2,0,1,26,0,0,0,0,-153948.54528983062,-4791550.233369674,4197862.204557896,-2.30097,-0.14918,0.131826,92.125,-13.75,-12.25,0.0,0.0,0.0,0.0,0.0,0.0,2,0,41.397573542713445,-91.84023295906184,10997.37488346251,100.08829942868238,-0.0040178915677552,0.0045104697451931,,10022.661867135384,12264.339701119052,150,1,2025-09-12,2025-09-26 14:32:06.216,AH,C,1969396770,AMBUSH51,1,1,48,2,1,1,225,2,1,0,0,9,1,225,2,1,-152487.26160802212,-4789582.008179048,4199641.30074304,-2.35334,-0.94888,0.705539,49.741,-66.9451,-74.0016,-0.161535,-7.75282,7.10438,0.0599118,0.0123702,0.0195045,4,0,41.42156989326354,-91.82352580315442,9902.59195053797,152.41231585571293,1.3829227756504978,18.02340543027772,175.375,10022.661867135384,12264.339701119052,150,False,1.624319985007782,False,52.27498618410115,107.5410903538234,False,55.61425468640163,False,False
1,1970-07-23 10:27:55.273320023,2025-09-12,2025-09-26 14:32:07.332,AH,C,3584744228,JASSM,3,128,76,2,2,1,225,9,2,0,1,26,0,0,0,0,-153847.17419608062,-4791565.477510299,4197848.612761021,-2.30097,-0.14918,0.131826,92.125,-13.75,-12.25,0.0,0.0,0.0,0.0,0.0,0.0,2,0,41.397410482727295,-91.83901619934912,10997.37573616352,100.0891040464058,-0.0030907008014503,0.0045098180878023,,10022.661867135384,12264.339701119052,150,1,2025-09-12,2025-09-26 14:32:07.416,AH,C,1970828368,AMBUSH51,1,1,48,2,1,1,225,2,1,0,0,9,1,225,2,1,-152430.39538923302,-4789662.218772802,4199552.261504723,-2.25389,-0.986034,0.719237,45.7661,-68.1338,-75.6472,-0.262898,-7.41337,7.04399,0.131218,0.0165064,0.0448503,4,0,41.42050243631154,-91.82281571888252,9902.10981592637,154.2052598032782,1.3982822970234448,25.156398453554505,175.155,10022.661867135384,12264.339701119052,150,False,1.5656724654124607,False,54.5659640325098,107.71075421814632,False,53.54917648192042,False,False
1,1970-07-23 10:27:55.283459543,2025-09-12,2025-09-26 14:32:08.345,AH,C,3585937274,JASSM,3,128,76,2,2,1,225,9,2,0,1,26,0,0,0,0,-153755.03357108062,-4791579.332979049,4197836.257292271,-2.30097,-0.14918,0.131826,92.125,-13.75,-12.25,0.0,0.0,0.0,0.0,0.0,0.0,2,0,41.397262254052734,-91.83791023868454,10997.37700551834,100.08983539277588,-0.0022479357675547,0.0045092206262592,,10022.661867135384,12264.339701119052,150,1,2025-09-12,2025-09-26 14:32:08.416,AH,C,1972021368,AMBUSH51,1,1,48,2,1,1,225,2,1,0,0,9,1,225,2,1,-152386.82146332404,-4789730.5544407545,4199475.4645322,-2.18802,-1.05284,0.743005,41.2779,-69.1916,-77.6096,-0.228814,-7.91436,7.58074,0.114188,0.0360182,0.0535868,4,0,41.41958574478998,-91.8222690167128,9900.047823259032,157.36351419680426,1.3360789352438325,31.562077392896857,175.79,10022.661867135384,12264.339701119052,150,False,1.5131483737136124,False,57.12478263344697,107.67122028934601,False,51.04125596521007,False,False
1,1970-07-23 10:27:55.289413802,2025-09-12,2025-09-26 14:32:08.941,AH,C,3580985922,JASSM,3,128,76,2,2,1,225,9,2,0,1,26,0,0,0,0,-154137.43298514312,-4791521.824189986,4197887.530729771,-2.30097,-0.14918,0.131826,92.125,-13.75,-12.25,0.0,0.0,0.0,0.0,0.0,0.0,2,0,41.39787736976877,-91.84250020056685,10997.377684516074,100.08680014238313,-0.0057455588657872,0.0045117102256057,,10022.661867135384,12264.339701119052,150,1,2025-09-12,2025-09-26 14:32:08.883,AH,C,1972578100,AMBUSH51,1,1,48,2,1,1,225,2,1,0,0,9,1,225,2,1,-152368.04819051115,-4789763.128259417,4199438.662227999,-2.16646,-1.08806,0.755902,38.9706,-70.0933,-78.1392,-0.170479,-8.10096,7.54193,0.0863249,0.0246644,0.0583159,4,0,41.41914708550172,-91.82203229101432,9898.799733597409,159.01148479977397,1.2155135341194674,34.20898444983901,176.047,10022.661867135384,12264.339701119052,150,False,1.573942073411943,False,58.40552903636401,115.73181125374902,False,57.749854704014766,False,False
1,1970-07-23 10:27:55.293502109,2025-09-12,2025-09-26 14:32:09.350,AH,C,3587130112,JASSM,3,128,76,2,2,1,225,9,2,0,1,26,0,0,0,0,-153662.90954764312,-4791593.184541549,4197823.901823521,-2.30097,-0.14918,0.131826,92.125,-13.75,-12.25,0.0,0.0,0.0,0.0,0.0,0.0,2,0,41.39711403481203,-91.83680448285264,10997.374511605682,100.09056660154036,-0.0014053217935326,0.004508616620585,,10022.661867135384,12264.339701119052,150,1,2025-09-12,2025-09-26 14:32:09.282,AH,C,1973055300,AMBUSH51,1,1,48,2,1,1,225,2,1,0,0,9,1,225,2,1,-152353.26361551095,-4789790.71276114,4199407.311087326,-2.1603,-1.12214,0.764922,36.27,-70.0974,-79.4261,-0.371561,-8.09401,7.96009,0.0684755,0.0361285,0.0553012,4,0,41.41877415017208,-91.82184512971216,9897.427664666538,160.51805913063572,1.2398280097961598,35.94041242598226,176.267,10022.661867135384,12264.339701119052,150,False,1.4636637889511197,True,59.88389998569569,107.3249442381145,False,48.045769908223384,False,False
1,1970-07-23 10:27:55.305019485,2025-09-12,2025-09-26 14:32:10.501,AH,C,3588263506,JASSM,3,128,76,2,2,1,225,9,2,0,1,26,0,0,0,0,-153575.37536795562,-4791606.345674361,4197812.161589146,-2.30097,-0.149084,0.131826,92.125,-13.75,-12.25,0.0,0.0,0.0,0.0,0.0,0.0,2,0,41.39697318988658,-91.83575382324986,10997.374828866472,100.0876289205276,-0.0046616511561876,0.0037861581837645,,10022.661867135384,12264.339701119052,150,1,2025-09-12,2025-09-26 14:32:10.615,AH,C,1974645964,AMBUSH51,1,1,48,2,1,1,225,2,1,0,0,9,1,225,2,1,-152310.54920188902,-4789884.865219028,4199299.249297197,-2.19161,-1.25265,0.796616,27.2189,-71.2853,-82.0724,-0.288705,-8.82784,8.24674,0.0419021,0.0369482,0.0513127,4,0,41.41749265825139,-91.82129891649426,9891.072764714969,166.12940024789165,1.118053091784725,39.52940719867808,176.683,10022.661867135384,12264.339701119052,150,False,1.3924984432633924,True,64.73720443786539,107.77133092785937,False,43.85317057824757,False,False
1,1970-07-23 10:27:55.313304062,2025-09-12,2025-09-26 14:32:11.330,AH,C,3589456552,JASSM,3,128,76,2,2,1,225,9,2,0,1,26,0,0,0,0,-153483.23474295562,-4791620.198213424,4197799.804167271,-2.30097,-0.149084,0.131826,92.125,-13.75,-12.25,0.0,0.0,0.0,0.0,0.0,0.0,2,0,41.39682493408559,-91.8346478785336,10997.378034302876,100.08836025003944,-0.003818887669475,0.003785511199559,,10022.661867135384,12264.339701119052,150,1,2025-09-12,2025-09-26 14:32:11.287,AH,C,1975441296,AMBUSH51,1,1,48,2,1,1,225,2,1,0,0,9,1,225,2,1,-152294.25325014186,-4789932.247786459,4199244.179228648,-2.22441,-1.328,0.810972,22.1454,-71.7729,-82.91,-0.342442,-9.18729,8.41725,0.0298659,0.0549246,0.0597828,4,0,41.41684211703936,-91.8210861815558,9886.79326883068,169.23441431856511,1.0087476465466367,40.81691000050196,177.025,10022.661867135384,12264.339701119052,150,False,1.3472413922462219,True,67.37869093351034,106.85348409199537,False,40.431648222071416,False,False
1,1970-07-23 10:27:55.322360573,2025-09-12,2025-09-26 14:32:12.236,AH,C,3590589946,JASSM,3,128,76,2,2,1,225,9,2,0,1,26,0,0,0,0,-153395.70153983062,-4791633.356416549,4197788.061979771,-2.30097,-0.149084,0.131922,92.125,-13.75,-12.25,0.0,0.0,0.0,0.0,0.0,0.0,2,0,41.39668407351615,-91.83359724102904,10997.375387302538,100.09314749839818,-0.0066824860101892,0.0037845417872981,,10022.661867135384,12264.339701119052,150,1,2025-09-12,2025-09-26 14:32:12.115,AH,C,1976435462,AMBUSH51,1,1,48,2,1,1,225,2,1,0,0,9,1,225,2,1,-152278.9110302682,-4789991.975331444,4199174.414180248,-2.27239,-1.4247,0.819178,14.9872,-71.9865,-83.9603,-0.345659,-9.73349,8.73819,0.0158697,0.0645806,0.0536762,4,0,41.41601875753621,-91.82088015770356,9881.05599230626,173.05902952596796,1.1854785682698987,42.174728875469945,176.939,10022.661867135384,12264.339701119052,150,False,1.2936034856509722,True,71.08440459236793,106.16473985434361,False,36.29343965026006,False,False
1,1970-07-23 10:27:55.342319490,2025-09-12,2025-09-26 14:32:14.231,AH,C,3592916388,JASSM,3,128,76,2,2,1,225,9,2,0,1,26,0,0,0,0,-153216.02673514312,-4791660.363252486,4197763.958464146,-2.30097,-0.149084,0.131922,92.125,-13.75,-12.25,0.0,0.0,0.0,0.0,0.0,0.0,2,0,41.3963949137626,-91.83144066775128,10997.375032941622,100.094573568308,-0.0050390915711935,0.0037833875012859,,10022.661867135384,12264.339701119052,150,1,2025-09-12,2025-09-26 14:32:14.382,AH,C,1979139594,AMBUSH51,1,1,48,2,1,1,225,2,1,0,0,9,1,225,2,1,-152268.7761362415,-4790155.171499586,4198983.682456663,-2.5038,-1.71619,0.811187,-5.98197,-72.1573,-83.3244,-0.368388,-10.1935,9.4322,-0.0566057,0.0505782,0.0534994,4,0,41.413762300293214,-91.82069706111508,9867.649105402515,-175.51973044849936,1.9177554237495744,41.42280001465233,176.353,10022.661867135384,12264.339701119052,150,False,1.1487754268028938,True,81.89686531987132,104.76315296112314,False,24.908900608294882,True,False
1,1970-07-23 10:27:55.364178969,2025-09-12,2025-09-26 14:32:16.417,AH,C,3591723342,JASSM,3,128,76,2,2,1,225,9,2,0,1,26,0,0,0,0,-153308.16736014312,-4791646.514619674,4197776.319792271,-2.30097,-0.149084,0.131922,92.125,-13.75,-12.25,0.0,0.0,0.0,0.0,0.0,0.0,2,0,41.396543203536176,-91.83254659639591,10997.376757012871,100.09384225564172,-0.0058818546114897,0.0037839776914878,,10022.661867135384,12264.339701119052,150,1,2025-09-12,2025-09-26 14:32:16.415,AH,C,1981565358,AMBUSH51,1,1,48,2,1,1,225,2,1,0,0,9,1,225,2,1,-152299.1494284779,-4790300.02042052,4198817.973059068,-2.79148,-1.92778,0.760853,-23.2909,-71.0578,-79.4435,-0.370814,-10.5038,9.42332,-0.0819203,0.0462984,0.050959,4,0,41.41177623377612,-91.82100496583736,9866.622440339228,-166.59722688122417,3.3589864263002784,33.94801484301466,175.412,10022.661867135384,12264.339701119052,150,False,1.051294471469319,True,91.09260773451365,109.37613851693247,False,20.725017582059436,True,False
1,1970-07-23 10:27:55.364198671,2025-09-12,2025-09-26 14:32:16.419,AH,C,3594049782,JASSM,3,128,76,2,2,1,225,9,2,0,1,26,0,0,0,0,-153128.49353201812,-4791673.519502486,4197752.214323521,-2.30097,-0.149084,0.131922,92.125,-13.75,-12.25,0.0,0.0,0.0,0.0,0.0,0.0,2,0,41.39625402233089,-91.830390044843,10997.375840436209,100.09526830719209,-0.004238468991146,0.0037828199712074,,10022.661867135384,12264.339701119052,150,1,2025-09-12,2025-09-26 14:32:16.415,AH,C,1981565358,AMBUSH51,1,1,48,2,1,1,225,2,1,0,0,9,1,225,2,1,-152299.1494284779,-4790300.02042052,4198817.973059068,-2.79148,-1.92778,0.760853,-23.2909,-71.0578,-79.4435,-0.370814,-10.5038,9.42332,-0.0819203,0.0462984,0.050959,4,0,41.41177623377612,-91.82100496583736,9866.622440339228,-166.59722688122417,3.3589864263002784,33.94801484301466,175.412,10022.661867135384,12264.339701119052,150,False,1.0226511532887628,True,91.09260773451365,104.22334412622017,False,16.41480519054566,True,False
1,1970-07-23 10:27:55.364199007,2025-09-12,2025-09-26 14:32:16.419,AH,C,3595242828,JASSM,3,128,76,2,2,1,225,9,2,0,1,26,0,0,0,0,-153036.35290701812,-4791687.367158736,4197739.851042271,-2.30097,-0.149084,0.131922,92.125,-13.75,-12.25,0.0,0.0,0.0,0.0,0.0,0.0,2,0,41.39610570444638,-91.82928412637514,10997.376321726497,100.09599960892496,-0.003395704890729,0.003782222389866,,10022.661867135384,12264.339701119052,150,1,2025-09-12,2025-09-26 14:32:16.415,AH,C,1981565358,AMBUSH51,1,1,48,2,1,1,225,2,1,0,0,9,1,225,2,1,-152299.1494284779,-4790300.02042052,4198817.973059068,-2.79148,-1.92778,0.760853,-23.2909,-71.0578,-79.4435,-0.370814,-10.5038,9.42332,-0.0819203,0.0462984,0.050959,4,0,41.41177623377612,-91.82100496583736,9866.622440339228,-166.59722688122417,3.3589864263002784,33.94801484301466,175.412,10022.661867135384,12264.339701119052,150,False,1.0113832739723028,True,91.09260773451365,101.48154065424782,False,14.341816544513883,True,False
1,1970-07-23 10:27:55.381284936,2025-09-12,2025-09-26 14:32:18.128,AH,C,3597628920,JASSM,3,128,76,2,2,1,225,9,2,0,1,26,0,0,0,0,-152852.07068045562,-4791715.058564986,4197715.122526646,-2.30097,-0.149084,0.131922,92.125,-13.75,-12.25,0.0,0.0,0.0,0.0,0.0,0.0,2,0,41.395809047012975,-91.8270722943492,10997.37696901404,100.09746220267436,-0.001710170903855,0.0037810385183646,,10022.661867135384,12264.339701119052,150,1,2025-09-12,2025-09-26 14:32:18.290,AH,C,1983792288,AMBUSH51,1,1,48,2,1,1,225,2,1,0,0,9,1,225,2,1,-152353.87520463613,-4790432.315276613,4198674.460983503,3.02069,-2.0354,0.708522,-33.1943,-70.6773,-73.9451,0.136664,-9.28552,7.99043,-0.241702,0.0264745,0.0057518,4,0,41.41001007875101,-91.8216085943212,9884.820724639558,-161.35641036142525,4.9662210666337065,11.478933351268372,173.701,10022.661867135384,12264.339701119052,150,False,0.8868401940350202,True,96.70935115800268,96.01221247227086,False,9.082259529845548,True,False
1,1970-07-23 10:27:55.392297427,2025-09-12,2025-09-26 14:32:19.229,AH,C,3598881620,JASSM,3,128,76,2,2,1,225,9,2,0,1,26,0,0,0,0,-152755.32263358062,-4791729.594697799,4197702.138151646,-2.30097,-0.148988,0.131922,92.125,-13.75,-12.25,0.0,0.0,0.0,0.0,0.0,0.0,2,0,41.395653282992015,-91.82591109275292,10997.375885899295,100.09459769789775,-0.0048822236226362,0.0030580227224605,,10022.661867135384,12264.339701119052,150,1,2025-09-12,2025-09-26 14:32:19.249,AH,C,1984945520,AMBUSH51,1,1,48,2,1,1,225,2,1,0,0,9,1,225,2,1,-152387.1549787202,-4790501.682531474,4198603.531218819,2.82719,-2.02049,0.697966,-34.3467,-71.0814,-71.8244,-0.0678046,-8.61447,7.66186,-0.163203,0.00951144,-0.0265682,4,0,41.40911230142756,-91.82197986830484,9904.102607425351,-161.7898962026369,5.744563127447227,-0.2005267678478103,172.357,10022.661867135384,12264.339701119052,150,True,0.8266991653536391,True,97.48962117689018,92.33238571146123,False,10.088759291508815,True,False
1,1970-07-23 10:27:55.401358457,2025-09-12,2025-09-26 14:32:20.135,AH,C,3600015016,JASSM,3,128,76,2,2,1,225,9,2,0,1,26,0,0,0,0,-152667.78845389312,-4791742.745088424,4197690.390104771,-2.30097,-0.148988,0.131922,92.125,-13.75,-12.25,0.0,0.0,0.0,0.0,0.0,0.0,2,0,41.39551234972039,-91.82486048429848,10997.375274071064,100.09529241702404,-0.0040815955299292,0.0030574140129833,,10022.661867135384,12264.339701119052,150,1,2025-09-12,2025-09-26 14:32:20.149,AH,C,1986019220,AMBUSH51,1,1,48,2,1,1,225,2,1,0,0,9,1,225,2,1,-152417.9377417711,-4790566.034454931,4198539.301959925,2.72798,-1.99949,0.699495,-33.6649,-71.5313,-70.3764,-0.127233,-7.86342,6.7899,-0.10996,0.0113507,-0.00950312,4,0,41.408290064164,-91.82232320358112,9925.400011008009,-162.70044594673834,5.937065218890156,-6.751845321599007,170.352,10022.661867135384,12264.339701119052,150,True,0.7751220195543929,True,97.25476806535963,88.52460148173527,False,12.182828592825524,True,False
1,1970-07-23 10:27:55.410499123,2025-09-12,2025-09-26 14:32:21.049,AH,C,3601148410,JASSM,3,128,76,2,2,1,225,9,2,0,1,26,0,0,0,0,-152580.25525076812,-4791755.895479049,4197678.640104771,-2.30097,-0.148988,0.131922,92.125,-13.75,-12.25,0.0,0.0,0.0,0.0,0.0,0.0,2,0,41.39537139348262,-91.82380989204808,10997.374595143609,100.09598712348908,-0.0032809736890892,0.0030567905693673,,10022.661867135384,12264.339701119052,150,1,2025-09-12,2025-09-26 14:32:20.882,AH,C,1986894084,AMBUSH51,1,1,48,2,1,1,225,2,1,0,0,9,1,225,2,1,-152441.85090583307,-4790617.613300183,4198488.173996456,2.67779,-1.99404,0.704059,-32.5374,-71.2869,-70.1023,-0.060143,-7.3108,6.6514,-0.052353,-0.00712916,-0.0208507,4,0,41.407633555048015,-91.82258930866406,9943.179161810958,-163.00596546010615,5.7564261414043685,-9.86004419138944,169.069,10022.661867135384,12264.339701119052,150,True,0.737778014847907,True,96.73566291809668,84.42199632760509,False,15.229308999075197,True,False
1,1970-07-23 10:27:55.418960210,2025-09-12,2025-09-26 14:32:21.896,AH,C,3596435874,JASSM,3,128,76,2,2,1,225,9,2,0,1,26,0,0,0,0,-152944.21130545562,-4791701.212861861,4197727.487761021,-2.30097,-0.149084,0.131922,92.125,-13.75,-12.25,0.0,0.0,0.0,0.0,0.0,0.0,2,0,41.39595738773141,-91.82817820201537,10997.376457724651,100.09673091239696,-0.0025529347725856,0.0037816378233691,,10022.661867135384,12264.339701119052,150,1,2025-09-12,2025-09-26 14:32:22.021,AH,C,1988246150,AMBUSH51,1,1,48,2,1,1,225,2,1,0,0,9,1,225,2,1,-152477.51116577187,-4790698.436684836,4198407.85037907,2.605,-1.97089,0.722024,-30.1896,-70.6556,-70.2785,-0.104262,-6.96031,6.1814,-0.0674976,-0.00641967,-0.0323584,4,0,41.40660376195161,-91.82298463864396,9970.454439316887,-164.26276196720963,5.049502603510218,-15.016833116751105,167.371,10022.661867135384,12264.339701119052,150,False,0.6802106491803276,True,95.56573226066801,99.85106874269111,False,10.947767482853152,True,False
1,1970-07-23 10:27:55.420483875,2025-09-12,2025-09-26 14:32:22.048,AH,C,3602282098,JASSM,3,128,76,2,2,1,225,9,2,0,1,26,0,0,0,0,-152492.69861014312,-4791769.047822799,4197666.888151646,-2.30097,-0.148988,0.132018,92.125,-13.75,-12.25,0.0,0.0,0.0,0.0,0.0,0.0,2,0,41.395230407283485,-91.82275902363328,10997.37674233415,100.10077455113326,-0.0061443099909445,0.0030558759392755,,10022.661867135384,12264.339701119052,150,1,2025-09-12,2025-09-26 14:32:22.021,AH,C,1988246150,AMBUSH51,1,1,48,2,1,1,225,2,1,0,0,9,1,225,2,1,-152477.51116577187,-4790698.436684836,4198407.85037907,2.605,-1.97089,0.722024,-30.1896,-70.6556,-70.2785,-0.104262,-6.96031,6.1814,-0.0674976,-0.00641967,-0.0323584,4,0,41.40660376195161,-91.82298463864396,9970.454439316887,-164.26276196720963,5.049502603510218,-15.016833116751105,167.371,10022.661867135384,12264.339701119052,150,False,0.682476834442375,True,95.56573226066801,79.44957713027532,False,19.02802335873598,True,False
1,1970-07-23 10:27:55.429520991,2025-09-12,2025-09-26 14:32:22.952,AH,C,3603415318,JASSM,3,128,76,2,2,1,225,9,2,0,1,26,0,0,0,0,-152405.17810233062,-4791782.194307174,4197655.138151646,-2.30097,-0.148988,0.132018,92.125,-13.75,-12.25,0.0,0.0,0.0,0.0,0.0,0.0,2,0,41.39508945268414,-91.82170859359331,10997.3756357744,100.10146914647537,-0.0053438048147308,0.0030553099701587,,10022.661867135384,12264.339701119052,150,1,2025-09-12,2025-09-26 14:32:23.082,AH,C,1989518682,AMBUSH51,1,1,48,2,1,1,225,2,1,0,0,9,1,225,2,1,-152508.3043463364,-4790772.964432299,4198332.239311283,2.57472,-1.9446,0.743086,-27.5821,-69.7603,-70.9611,-0.0257602,-6.62883,5.60497,-0.0494963,-0.00935123,-0.0278124,4,0,41.405644156676,-91.82332420018416,9992.09735738919,-165.6639208656249,4.178727663958572,-17.871244478088265,165.66,10022.661867135384,12264.339701119052,150,False,0.6374436315754184,True,94.21204464985365,73.95450200863095,False,23.377015801882173,True,False
1,1970-07-23 10:27:55.439290927,2025-09-12,2025-09-26 14:32:23.929,AH,C,3604548590,JASSM,3,128,76,2,2,1,225,9,2,0,1,26,0,0,0,0,-152317.65271170562,-4791795.339814986,4197643.388151646,-2.30097,-0.148988,0.132018,92.125,-13.75,-12.25,0.0,0.0,0.0,0.0,0.0,0.0,2,0,41.394948495223765,-91.8206581101378,10997.375837496797,100.10216377519058,-0.0045432579980939,0.0030547582171637,,10022.661867135384,12264.339701119052,150,1,2025-09-12,2025-09-26 14:32:23.916,AH,C,1990512848,AMBUSH51,1,1,48,2,1,1,225,2,1,0,0,9,1,225,2,1,-152530.23769281668,-4790830.47344496,4198272.426991294,2.53613,-1.91951,0.764725,-25.5305,-69.4033,-71.4232,-0.11256,-6.3801,5.41366,-0.082197,-0.00640095,-0.0338211,4,0,41.40489412314542,-91.82356437336864,10005.475160313264,-166.98507832483594,3.231821124254984,-21.15214577822095,164.707,10022.661867135384,12264.339701119052,150,False,0.6109070880061415,True,93.10257904176234,68.37215380375424,False,27.854336930155018,True,False
1,1970-07-23 10:27:55.498734465,2025-09-12,2025-09-26 14:32:29.873,AH,C,3610156062,JASSM,3,128,76,2,2,1,225,9,2,0,1,26,0,0,0,0,-151884.57751639312,-4791860.372041549,4197585.233854771,-2.30097,-0.148892,0.132018,92.125,-13.75,-12.25,0.0,0.0,0.0,0.0,0.0,0.0,2,0,41.394250863051006,-91.81546039448229,10997.375016444868,100.101968460393,-0.0046391047219131,0.0023290637673236,,10022.661867135384,12264.339701119052,150,1,2025-09-12,2025-09-26 14:32:30.048,AH,C,1997829906,AMBUSH51,1,1,48,2,1,1,225,2,1,0,0,9,1,225,2,1,-152601.9024827301,-4791223.112600977,4197787.330879277,2.51818,-1.41753,0.934952,6.86061,-60.3569,-84.9245,-0.198607,-9.1508,8.1098,-0.0288048,0.0632428,-0.0718689,4,0,41.39927012496877,-91.82427116812624,9924.314396013551,173.69701863568446,-5.405878121864116,-43.68983734710053,168.275,10022.661867135384,12264.339701119052,150,False,0.49796521661873794,True,75.22116191586872,32.928869509348054,False,53.745303559513545,False,False
1,1970-07-23 10:27:55.499095888,2025-09-12,2025-09-26 14:32:29.909,AH,C,3611348954,JASSM,3,128,76,2,2,1,225,9,2,0,1,26,0,0,0,0,-151792.44861014312,-4791874.203096236,4197572.860807896,-2.30097,-0.148892,0.132018,92.125,-13.75,-12.25,0.0,0.0,0.0,0.0,0.0,0.0,2,0,41.39410243223853,-91.81435469020636,10997.37562052124,100.10269959149552,-0.0037964537685828,0.0023284298602305,,10022.661867135384,12264.339701119052,150,1,2025-09-12,2025-09-26 14:32:30.048,AH,C,1997829906,AMBUSH51,1,1,48,2,1,1,225,2,1,0,0,9,1,225,2,1,-152601.9024827301,-4791223.112600977,4197787.330879277,2.51818,-1.41753,0.934952,6.86061,-60.3569,-84.9245,-0.198607,-9.1508,8.1098,-0.0288048,0.0632428,-0.0718689,4,0,41.39927012496877,-91.82427116812624,9924.314396013551,173.69701863568446,-5.405878121864116,-43.68983734710053,168.275,10022.661867135384,12264.339701119052,150,False,0.5434747380949365,True,75.22116191586872,30.172832123540932,False,55.29053486605782,False,False
1,1970-07-23 10:27:55.508617821,2025-09-12,2025-09-26 14:32:30.861,AH,C,3605741636,JASSM,3,128,76,2,2,1,225,9,2,0,1,26,0,0,0,0,-152225.51208670562,-4791809.177705611,4197631.017057896,-2.30097,-0.148988,0.132018,92.125,-13.75,-12.25,0.0,0.0,0.0,0.0,0.0,0.0,2,0,41.394800089116735,-91.81955223964498,10997.375262753418,100.10289502629853,-0.0037004973829036,0.003054171816338,,10022.661867135384,12264.339701119052,150,1,2025-09-12,2025-09-26 14:32:30.816,AH,C,1998744540,AMBUSH51,1,1,48,2,1,1,225,2,1,0,0,9,1,225,2,1,-152593.977893626,-4791269.283648248,4197722.531029843,2.60351,-1.30021,0.917552,13.6038,-60.373,-85.0335,-0.221291,-10.2479,9.35001,0.00059401,0.0833954,-0.0600657,4,0,41.39855952002343,-91.8241589312694,9896.674043386374,169.52830563397774,-5.15966696067942,-43.79276035187495,169.253,10022.661867135384,12264.339701119052,150,False,0.30638752950512277,True,71.5615523513262,46.74602510048829,False,49.16437207343901,False,False
1,1970-07-23 10:27:55.515348839,2025-09-12,2025-09-26 14:32:31.534,AH,C,3613615742,JASSM,3,128,76,2,2,1,225,9,2,0,1,26,0,0,0,0,-151617.38025076812,-4791900.483369674,4197549.345182896,-2.30097,-0.148892,0.132114,92.125,-13.75,-12.25,0.0,0.0,0.0,0.0,0.0,0.0,2,0,41.393820335123216,-91.81225358550638,10997.37573015942,100.10818149804338,-0.0058593181122404,0.0023269260432985,,10022.661867135384,12264.339701119052,150,1,2025-09-12,2025-09-26 14:32:31.549,AH,C,1999619404,AMBUSH51,1,1,48,2,1,1,225,2,1,0,0,9,1,225,2,1,-152581.03573204757,-4791314.293314384,4197659.670390196,2.69151,-1.18527,0.886845,20.9339,-60.6825,-84.1901,-0.132254,-11.0995,10.241,-0.0046907,0.0808176,-0.0548101,4,0,41.39786986350187,-91.82398719775496,9869.994341739082,165.11177840826517,-4.545726556661685,-43.5476243198477,170.316,10022.661867135384,12264.339701119052,150,False,0.5813502555279959,True,67.57496389321325,22.751547845563906,True,57.17973072262885,False,False
1,1970-07-23 10:27:55.520676868,2025-09-12,2025-09-26 14:32:32.067,AH,C,3606875030,JASSM,3,128,76,2,2,1,225,9,2,0,1,26,0,0,0,0,-152137.97790701812,-4791822.323213424,4197619.263151646,-2.30097,-0.148988,0.132018,92.125,-13.75,-12.25,0.0,0.0,0.0,0.0,0.0,0.0,2,0,41.394659087252286,-91.8185016605229,10997.374705127064,100.10358971427718,-0.0028998686558313,0.0030536094757679,,10022.661867135384,12264.339701119052,150,1,2025-09-12,2025-09-26 14:32:32.048,AH,C,2000215904,AMBUSH51,1,1,48,2,1,1,225,2,1,0,0,9,1,225,2,1,-152569.27541682022,-4791344.309340677,4197618.458301351,2.74764,-1.11069,0.861742,26.2557,-60.6801,-83.1714,-0.0561031,-11.5357,10.5291,-0.0143239,0.0764567,-0.0636298,4,0,41.397415319640096,-91.82383528929968,9853.495687064707,162.04140425147253,-4.093478514021733,-43.37884956311298,170.976,10022.661867135384,12264.339701119052,150,False,0.29151579263686456,True,64.6607572647672,40.057361830649526,False,53.94329284921711,False,False
1,1970-07-23 10:27:55.520796366,2025-09-12,2025-09-26 14:32:32.079,AH,C,3607948772,JASSM,3,128,76,2,2,1,225,9,2,0,1,26,0,0,0,0,-152055.05114920562,-4791834.775361861,4197608.128386021,-2.30097,-0.148988,0.132018,92.125,-13.75,-12.25,0.0,0.0,0.0,0.0,0.0,0.0,2,0,41.39452550995491,-91.81750638409012,10997.37542941372,100.10424783194874,-0.0021413840081462,0.0030530881351616,,10022.661867135384,12264.339701119052,150,1,2025-09-12,2025-09-26 14:32:32.048,AH,C,2000215904,AMBUSH51,1,1,48,2,1,1,225,2,1,0,0,9,1,225,2,1,-152569.27541682022,-4791344.309340677,4197618.458301351,2.74764,-1.11069,0.861742,26.2557,-60.6801,-83.1714,-0.0561031,-11.5357,10.5291,-0.0143239,0.0764567,-0.0636298,4,0,41.397415319640096,-91.82383528929968,9853.495687064707,162.04140425147253,-4.093478514021733,-43.37884956311298,170.976,10022.661867135384,12264.339701119052,150,False,0.3334857616788589,True,64.6607572647672,35.667671317092584,False,54.245624682330984,False,False
1,1970-07-23 10:27:55.520815642,2025-09-12,2025-09-26 14:32:32.081,AH,C,3609082166,JASSM,3,128,76,2,2,1,225,9,2,0,1,26,0,0,0,0,-151967.51696951812,-4791847.918916549,4197596.372526646,-2.30097,-0.148892,0.132018,92.125,-13.75,-12.25,0.0,0.0,0.0,0.0,0.0,0.0,2,0,41.39438448783618,-91.81645581455108,10997.373801808304,100.1013102512948,-0.005397706864918,0.0023296425821327,,10022.661867135384,12264.339701119052,150,1,2025-09-12,2025-09-26 14:32:32.048,AH,C,2000215904,AMBUSH51,1,1,48,2,1,1,225,2,1,0,0,9,1,225,2,1,-152569.27541682022,-4791344.309340677,4197618.458301351,2.74764,-1.11069,0.861742,26.2557,-60.6801,-83.1714,-0.0561031,-11.5357,10.5291,-0.0143239,0.0764567,-0.0636298,4,0,41.397415319640096,-91.82383528929968,9853.495687064707,162.04140425147253,-4.093478514021733,-43.37884956311298,170.976,10022.661867135384,12264.339701119052,150,False,0.378676414651009,True,64.6607572647672,31.868245587398494,False,54.70084304149557,False,False
1,1970-07-23 10:27:55.520959805,2025-09-12,2025-09-26 14:32:32.095,AH,C,3612422696,JASSM,3,128,76,2,2,1,225,9,2,0,1,26,0,0,0,0,-151709.52282889312,-4791886.652314986,4197561.722136021,-2.30097,-0.148892,0.132018,92.125,-13.75,-12.25,0.0,0.0,0.0,0.0,0.0,0.0,2,0,41.39396880992952,-91.81335944353046,10997.376048113814,100.10335768224834,-0.0030379769150756,0.0023278496280478,,10022.661867135384,12264.339701119052,150,1,2025-09-12,2025-09-26 14:32:32.048,AH,C,2000215904,AMBUSH51,1,1,48,2,1,1,225,2,1,0,0,9,1,225,2,1,-152569.27541682022,-4791344.309340677,4197618.458301351,2.74764,-1.11069,0.861742,26.2557,-60.6801,-83.1714,-0.0561031,-11.5357,10.5291,-0.0143239,0.0764567,-0.0636298,4,0,41.397415319640096,-91.82383528929968,9853.495687064707,162.04140425147253,-4.093478514021733,-43.37884956311298,170.976,10022.661867135384,12264.339701119052,150,False,0.5148783380532865,True,64.6607572647672,24.03226791045218,True,56.18358164845483,False,False
1,1970-07-23 10:27:55.545357111,2025-09-12,2025-09-26 14:32:34.535,AH,C,3616001920,JASSM,3,128,76,2,2,1,225,9,2,0,1,26,0,0,0,0,-151433.09021170562,-4791928.143525924,4197524.587370396,-2.30097,-0.148892,0.132114,92.125,-13.75,-12.25,0.0,0.0,0.0,0.0,0.0,0.0,2,0,41.39352333977892,-91.81004182697131,10997.37504374594,100.10964397705924,-0.0041737214414124,0.0023257684366809,,10022.661867135384,12264.339701119052,150,1,2025-09-12,2025-09-26 14:32:34.549,AH,C,2003198402,AMBUSH51,1,1,48,2,1,1,225,2,1,0,0,9,1,225,2,1,-152468.6715998531,-4791494.926537302,4197422.872838661,2.95003,-0.8046,0.679354,52.9748,-59.2707,-71.9394,-0.476183,-12.6134,12.1924,-0.00972158,0.104946,-0.0760842,4,0,41.39521802486112,-91.82257621355048,9791.796892206734,146.14978092431346,-0.4592509743292026,-43.46262474431521,172.283,10022.661867135384,12264.339701119052,150,False,0.5732767046756452,True,49.23739384807873,19.015773726975368,True,52.706423754708,False,False
1,1970-07-23 10:27:55.546538708,2025-09-12,2025-09-26 14:32:34.653,AH,C,3617314188,JASSM,3,128,76,2,2,1,225,9,2,0,1,26,0,0,0,0,-151331.74060233062,-4791943.353486861,4197510.970182896,-2.30097,-0.148892,0.132114,92.125,-13.75,-12.25,0.0,0.0,0.0,0.0,0.0,0.0,2,0,41.39335998829954,-91.80882548793689,10997.374635568143,100.1104482520948,-0.0032467340206177,0.0023251298046378,,10022.661867135384,12264.339701119052,150,1,2025-09-12,2025-09-26 14:32:34.549,AH,C,2003198402,AMBUSH51,1,1,48,2,1,1,225,2,1,0,0,9,1,225,2,1,-152468.6715998531,-4791494.926537302,4197422.872838661,2.95003,-0.8046,0.679354,52.9748,-59.2707,-71.9394,-0.476183,-12.6134,12.1924,-0.00972158,0.104946,-0.0760842,4,0,41.39521802486112,-91.82257621355048,9791.796892206734,146.14978092431346,-0.4592509743292026,-43.46262474431521,172.283,10022.661867135384,12264.339701119052,150,False,0.6288973914848288,True,49.23739384807873,17.439161687621063,True,52.22731040395636,False,False
1,1970-07-23 10:27:55.547135787,2025-09-12,2025-09-26 14:32:34.713,AH,C,3614808790,JASSM,3,128,76,2,2,1,225,9,2,0,1,26,0,0,0,0,-151525.23864920562,-4791914.313447799,4197536.966276646,-2.30097,-0.148892,0.132114,92.125,-13.75,-12.25,0.0,0.0,0.0,0.0,0.0,0.0,2,0,41.39367184212424,-91.81114774454907,10997.373384714498,100.1089127132993,-0.0050165498272251,0.0023263412517659,,10022.661867135384,12264.339701119052,150,1,2025-09-12,2025-09-26 14:32:34.549,AH,C,2003198402,AMBUSH51,1,1,48,2,1,1,225,2,1,0,0,9,1,225,2,1,-152468.6715998531,-4791494.926537302,4197422.872838661,2.95003,-0.8046,0.679354,52.9748,-59.2707,-71.9394,-0.476183,-12.6134,12.1924,-0.00972158,0.104946,-0.0760842,4,0,41.39521802486112,-91.82257621355048,9791.796892206734,146.14978092431346,-0.4592509743292026,-43.46262474431521,172.283,10022.661867135384,12264.339701119052,150,False,0.5227058167694122,True,49.23739384807873,20.70669762609908,True,53.25331699191287,False,False
1,1970-07-23 10:27:55.567378683,2025-09-12,2025-09-26 14:32:36.737,AH,C,3619759932,JASSM,3,128,76,2,2,1,225,9,2,0,1,26,0,0,0,0,-151142.85193045562,-4791971.698213424,4197485.589323521,-2.30088,-0.148796,0.132114,92.125,-13.75,-12.25,0.0,0.0,0.0,0.0,0.0,0.0,2,0,41.39305551189547,-91.80655857324442,10997.377705244724,100.10831502749755,-0.0055760232323724,0.0070920206644485,,10022.661867135384,12264.339701119052,150,1,2025-09-12,2025-09-26 14:32:36.882,AH,C,2005982064,AMBUSH51,1,1,48,2,1,1,225,2,1,0,0,9,1,225,2,1,-152316.91394726685,-4791626.202148409,4197274.226781303,3.05865,-0.589747,0.487782,74.6358,-52.6147,-55.1241,-0.148484,-12.039,11.2087,0.0221302,0.0892752,-0.0643601,4,0,41.39346233161805,-91.8207135087089,9780.382075136951,131.40749543695907,2.348571505957082,-44.31634874798052,170.792,10022.661867135384,12264.339701119052,150,False,0.637601893720656,True,34.33787187020738,19.000534231142186,True,44.70512176763785,False,False
1,1970-07-23 10:27:55.577397897,2025-09-12,2025-09-26 14:32:37.739,AH,C,3621012736,JASSM,3,128,76,2,2,1,225,9,2,0,1,26,0,0,0,0,-151046.09411795562,-4791986.214814986,4197472.585417271,-2.30088,-0.148796,0.132114,92.125,-13.75,-12.25,0.0,0.0,0.0,0.0,0.0,0.0,2,0,41.39289952693815,-91.8053973604056,10997.373794456722,100.10908284462072,-0.0046910356178544,0.0070913550341603,,10022.661867135384,12264.339701119052,150,1,2025-09-12,2025-09-26 14:32:37.815,AH,C,2007095530,AMBUSH51,1,1,48,2,1,1,225,2,1,0,0,9,1,225,2,1,-152244.49308531193,-4791672.585975524,4197226.63045411,3.10288,-0.519269,0.414834,81.0288,-48.9679,-47.9084,-0.150649,-11.5526,10.8043,0.0128425,0.0828732,-0.0642644,4,0,41.39287878667352,-91.81983080692494,9785.571112278523,125.92379906930856,3.1590428366884176,-43.80874000201633,169.558,10022.661867135384,12264.339701119052,150,False,0.6496734400972428,True,28.925109801909652,19.705174923096504,True,41.29701016503017,False,False
1,1970-07-23 10:27:55.592757858,2025-09-12,2025-09-26 14:32:39.275,AH,C,3618566886,JASSM,3,128,76,2,2,1,225,9,2,0,1,26,0,0,0,0,-151234.99255545562,-4791957.872041549,4197497.970182896,-2.30088,-0.148892,0.132114,92.125,-13.75,-12.25,0.0,0.0,0.0,0.0,0.0,0.0,2,0,41.39320403914928,-91.80766438017294,10997.374997488418,100.11121600433984,-0.0023618342869107,0.0078159899127095,,10022.661867135384,12264.339701119052,150,1,2025-09-12,2025-09-26 14:32:39.215,AH,C,2008765728,AMBUSH51,1,1,48,2,1,1,225,2,1,0,0,9,1,225,2,1,-152124.07672700647,-4791734.211129094,4197166.54879935,-3.13989,-0.42391,0.317544,89.0106,-41.2056,-37.628,-0.108293,-10.5654,9.65472,0.00734346,0.0641562,-0.0606982,4,0,41.39212935098177,-91.8183690253411,9797.42578559557,118.3822371827793,3.7807252772387536,-43.910273012821385,167.639,10022.661867135384,12264.339701119052,150,False,0.48612622368538067,True,20.780891896027825,27.923073621052264,True,42.18758644883585,False,False
1,1970-07-23 10:27:55.615357052,2025-09-12,2025-09-26 14:32:41.535,AH,C,3624770728,JASSM,3,128,76,2,2,1,225,9,2,0,1,26,0,0,0,0,-150755.85583670562,-4792029.755830611,4197433.575651646,-2.30088,-0.148796,0.132114,92.125,-13.75,-12.25,0.0,0.0,0.0,0.0,0.0,0.0,2,0,41.39243156061326,-91.80191417843557,10997.377408740083,100.11138597982304,-0.0020363955447027,0.0070893600975005,,10022.661867135384,12264.339701119052,150,1,2025-09-12,2025-09-26 14:32:41.515,AH,C,2011509626,AMBUSH51,1,1,48,2,1,1,225,2,1,0,0,9,1,225,2,1,-151909.6021897643,-4791811.024188263,4197096.974407354,-3.12741,-0.269899,0.168462,97.0393,-28.072,-22.3119,-0.196557,-9.81407,9.13382,-0.0130859,0.0584533,-0.0757201,4,0,41.39124321288623,-91.81577799840488,9818.724993349942,106.2698418914962,3.6496003912850017,-46.116665975902194,164.474,10022.661867135384,12264.339701119052,150,False,0.6280970679856048,True,9.015895205504675,23.591732167760707,True,28.946373176619062,True,True
1,1970-07-23 10:27:55.627054266,2025-09-12,2025-09-26 14:32:42.705,AH,C,3622324982,JASSM,3,128,76,2,2,1,225,9,2,0,1,26,0,0,0,0,-150944.74646170562,-4792001.419893111,4197458.964323521,-2.30088,-0.148796,0.132114,92.125,-13.75,-12.25,0.0,0.0,0.0,0.0,0.0,0.0,2,0,41.39273612865063,-91.80418106979803,10997.374006250117,100.10988707771064,-0.0037640671317064,0.0070906564019961,,10022.661867135384,12264.339701119052,150,1,2025-09-12,2025-09-26 14:32:42.782,AH,C,2013020758,AMBUSH51,1,1,48,2,1,1,225,2,1,0,0,9,1,225,2,1,-151783.86853094323,-4791839.84064025,4197072.965965709,-3.119,-0.18102,0.0831651,99.8103,-19.4287,-13.9769,-0.0928566,-9.67298,9.02861,0.00383766,0.0677889,-0.0717316,4,0,41.39093342125105,-91.81426520358914,9827.733477905602,99.24292413232725,3.2287150462341776,-46.69699544909676,163.093,10022.661867135384,12264.339701119052,150,False,0.4666132307607606,True,2.525961441533443,31.887968416725048,False,32.13564174098766,False,False
1,1970-07-23 10:27:55.627154452,2025-09-12,2025-09-26 14:32:42.715,AH,C,3623518030,JASSM,3,128,76,2,2,1,225,9,2,0,1,26,0,0,0,0,-150852.60583670562,-4792015.243135299,4197446.579557896,-2.30088,-0.148796,0.132114,92.125,-13.75,-12.25,0.0,0.0,0.0,0.0,0.0,0.0,2,0,41.39258755896344,-91.80307527983253,10997.37532068914,100.11061824353295,-0.0029213094051244,0.0070900169140585,,10022.661867135384,12264.339701119052,150,1,2025-09-12,2025-09-26 14:32:42.782,AH,C,2013020758,AMBUSH51,1,1,48,2,1,1,225,2,1,0,0,9,1,225,2,1,-151783.86853094323,-4791839.84064025,4197072.965965709,-3.119,-0.18102,0.0831651,99.8103,-19.4287,-13.9769,-0.0928566,-9.67298,9.02861,0.00383766,0.0677889,-0.0717316,4,0,41.39093342125105,-91.81426520358914,9827.733477905602,99.24292413232725,3.2287150462341776,-46.69699544909676,163.093,10022.661867135384,12264.339701119052,150,False,0.5133637377538616,True,2.525961441533443,29.08808411963159,True,29.345761349902173,True,True
1,1970-07-23 10:27:55.631578565,2025-09-12,2025-09-26 14:32:43.157,AH,C,3627395430,JASSM,3,128,76,2,2,1,225,9,2,0,1,26,0,0,0,0,-150553.14489920562,-4792060.159150924,4197406.323698521,-2.30088,-0.148796,0.13221,92.125,-13.75,-12.25,0.0,0.0,0.0,0.0,0.0,0.0,2,0,41.39210465516371,-91.79948145414258,10997.375540759936,100.11708715687084,-0.0038463833181638,0.0070878208562913,,10022.661867135384,12264.339701119052,150,1,2025-09-12,2025-09-26 14:32:43.215,AH,C,2013537724,AMBUSH51,1,1,48,2,1,1,225,2,1,0,0,9,1,225,2,1,-151740.32401944822,-4791846.932283796,4197067.284619252,-3.11642,-0.152253,0.0531094,100.498,-16.1061,-11.0788,-0.184459,-9.69846,9.37566,0.00876242,0.0712177,-0.0620361,4,0,41.39086108601104,-91.81374238341552,9829.462591228292,96.85969275179934,3.1544970933798355,-46.79422673305604,162.776,10022.661867135384,12264.339701119052,150,False,0.6462367303132786,True,1.4186591432766433,23.25273082292709,True,21.93807223005237,True,True
1,1970-07-23 10:27:55.643874454,2025-09-12,2025-09-26 14:32:44.387,AH,C,3626083416,JASSM,3,128,76,2,2,1,225,9,2,0,1,26,0,0,0,0,-150654.47497733062,-4792044.961885299,4197419.946745396,-2.30088,-0.148796,0.13221,92.125,-13.75,-12.25,0.0,0.0,0.0,0.0,0.0,0.0,2,0,41.39226807315172,-91.8006975083104,10997.376222250976,100.11628309017752,-0.004773189451385,0.007088451993752,,10022.661867135384,12264.339701119052,150,1,2025-09-12,2025-09-26 14:32:44.348,AH,C,2014889788,AMBUSH51,1,1,48,2,1,1,225,2,1,0,0,9,1,225,2,1,-151625.7964845365,-4791860.279803289,4197058.662889966,-3.09057,-0.0750472,-0.0335599,101.266,-9.06818,-2.97096,-0.123973,-10.2148,9.41628,0.0297598,0.0811526,-0.0776551,4,0,41.390745049966895,-91.8123693115108,9834.677533572549,90.20130228153856,3.137237642207005,-45.72190417273686,161.896,10022.661867135384,12264.339701119052,150,False,0.5332594930957688,True,6.718739057932255,27.65563463117485,True,22.440720470060565,True,True
1,1970-07-23 10:27:55.647132886,2025-09-12,2025-09-26 14:32:44.713,AH,C,3628588574,JASSM,3,128,76,2,2,1,225,9,2,0,1,26,0,0,0,0,-150460.99646170562,-4792073.978486861,4197393.935026646,-2.30088,-0.148796,0.13221,92.125,-13.75,-12.25,0.0,0.0,0.0,0.0,0.0,0.0,2,0,41.39195603861801,-91.79837559373104,10997.37744541244,100.11781836012612,-0.0030035573260827,0.0070872518434238,,10022.661867135384,12264.339701119052,150,1,2025-09-12,2025-09-26 14:32:44.615,AH,C,2015207922,AMBUSH51,1,1,48,2,1,1,225,2,1,0,0,9,1,225,2,1,-151599.46001786948,-4791862.179541255,4197058.032399735,-3.07772,-0.0585796,-0.0531736,101.265,-7.39243,-1.07751,-0.264772,-10.169,9.55205,0.0626769,0.0682758,-0.0715132,4,0,41.39073445013638,-91.81205400610402,9835.933454960614,88.73291673223767,3.171863230308696,-45.02604082756775,161.664,10022.661867135384,12264.339701119052,150,False,0.6200432629883407,True,8.116967880770517,23.755021049686412,True,17.920724032931986,True,True
1,1970-07-23 10:27:55.676419333,2025-09-12,2025-09-26 14:32:47.641,AH,C,3628588574,JASSM,3,128,76,2,2,1,225,9,2,0,1,26,0,0,0,0,-150460.99646170562,-4792073.978486861,4197393.935026646,-2.30088,-0.148796,0.13221,92.125,-13.75,-12.25,0.0,0.0,0.0,0.0,0.0,0.0,2,10485784,41.39195603861801,-91.79837559373104,10997.37744541244,100.11781836012612,-0.0030035573260827,0.0070872518434238,,10022.661867135384,12264.339701119052,150,1,2025-09-12,2025-09-26 14:32:47.748,AH,C,2018945984,AMBUSH51,1,1,48,2,1,1,225,2,1,0,0,9,1,225,2,1,-151286.09352297807,-4791859.471734752,4197084.434611235,-2.4936,0.0284959,-0.242381,97.4583,3.15249,17.7231,-0.348683,-9.05655,8.34319,0.227308,0.0211524,-0.00669431,4,0,41.39098772038401,-91.80831187662211,9862.18118139402,77.28819659023137,6.602686430748128,-11.799014873148272,156.458,10022.661867135384,12264.339701119052,150,False,0.4510120934952712,True,20.558221129488032,28.090714727546967,True,18.540084681175966,True,True
